0.000000e+00  4.440892e-15
2.166600e-01  2.149705e-01
4.333200e-01  4.198751e-01
6.499800e-01  6.051664e-01
8.666500e-01  7.621454e-01
1.083310e+00  8.834980e-01
1.299970e+00  9.635478e-01
1.516630e+00  9.984995e-01
1.733290e+00  9.868059e-01
1.949950e+00  9.289685e-01
2.166620e+00  8.276561e-01
2.383280e+00  6.876889e-01
2.599940e+00  5.155479e-01
2.816600e+00  3.192910e-01
3.033260e+00  1.081234e-01
3.249920e+00  -1.081122e-01
3.466580e+00  -3.192871e-01
3.683250e+00  -5.155562e-01
3.899910e+00  -6.876903e-01
4.116570e+00  -8.276572e-01
4.333230e+00  -9.289688e-01
4.549890e+00  -9.868052e-01
4.766550e+00  -9.985001e-01
4.983220e+00  -9.635475e-01
5.199880e+00  -8.834931e-01
5.416540e+00  -7.621422e-01
5.633200e+00  -6.051743e-01
5.849860e+00  -4.198773e-01
6.066520e+00  -2.149717e-01
6.283190e+00  8.437695e-15
