0.000000e+00  0.000000e+00  1.000000e+00
0.000000e+00  1.935484e-01  9.813279e-01
0.000000e+00  3.870968e-01  9.260089e-01
0.000000e+00  5.806452e-01  8.361089e-01
0.000000e+00  7.741935e-01  7.149851e-01
0.000000e+00  9.677419e-01  5.671607e-01
0.000000e+00  1.161290e+00  3.981562e-01
0.000000e+00  1.354839e+00  2.142829e-01
0.000000e+00  1.548387e+00  2.240735e-02
0.000000e+00  1.741935e+00  -1.703050e-01
0.000000e+00  1.935484e+00  -3.566574e-01
0.000000e+00  2.129032e+00  -5.296908e-01
0.000000e+00  2.322581e+00  -6.829432e-01
0.000000e+00  2.516129e+00  -8.106918e-01
0.000000e+00  2.709677e+00  -9.081657e-01
0.000000e+00  2.903226e+00  -9.717249e-01
0.000000e+00  3.096774e+00  -9.989958e-01
0.000000e+00  3.290323e+00  -9.889601e-01
0.000000e+00  3.483871e+00  -9.419924e-01
0.000000e+00  3.677419e+00  -8.598468e-01
0.000000e+00  3.870968e+00  -7.455910e-01
0.000000e+00  4.064516e+00  -6.034916e-01
0.000000e+00  4.258065e+00  -4.388554e-01
0.000000e+00  4.451613e+00  -2.578305e-01
0.000000e+00  4.645161e+00  -6.717706e-02
0.000000e+00  4.838710e+00  1.259850e-01
0.000000e+00  5.032258e+00  3.144423e-01
0.000000e+00  5.225806e+00  4.911570e-01
0.000000e+00  5.419355e+00  6.495298e-01
0.000000e+00  5.612903e+00  7.836465e-01
0.000000e+00  5.806452e+00  8.884985e-01
0.000000e+00  6.000000e+00  9.601703e-01
1.935484e-01  0.000000e+00  1.016372e+00
1.935484e-01  1.935484e-01  9.671394e-01
1.935484e-01  3.870968e-01  8.936644e-01
1.935484e-01  5.806452e-01  7.966014e-01
1.935484e-01  7.741935e-01  6.778534e-01
1.935484e-01  9.677419e-01  5.404359e-01
1.935484e-01  1.161290e+00  3.883115e-01
1.935484e-01  1.354839e+00  2.261977e-01
1.935484e-01  1.548387e+00  5.935448e-02
1.935484e-01  1.741935e+00  -1.066417e-01
1.935484e-01  1.935484e+00  -2.661309e-01
1.935484e-01  2.129032e+00  -4.136015e-01
1.935484e-01  2.322581e+00  -5.439122e-01
1.935484e-01  2.516129e+00  -6.524985e-01
1.935484e-01  2.709677e+00  -7.355538e-01
1.935484e-01  2.903226e+00  -7.901812e-01
1.935484e-01  3.096774e+00  -8.145096e-01
1.935484e-01  3.290323e+00  -8.077696e-01
1.935484e-01  3.483871e+00  -7.703273e-01
1.935484e-01  3.677419e+00  -7.036756e-01
1.935484e-01  3.870968e+00  -6.103813e-01
1.935484e-01  4.064516e+00  -4.939924e-01
1.935484e-01  4.258065e+00  -3.589084e-01
1.935484e-01  4.451613e+00  -2.102174e-01
1.935484e-01  4.645161e+00  -5.350789e-02
1.935484e-01  4.838710e+00  1.053383e-01
1.935484e-01  5.032258e+00  2.603647e-01
1.935484e-01  5.225806e+00  4.057621e-01
1.935484e-01  5.419355e+00  5.360841e-01
1.935484e-01  5.612903e+00  6.464503e-01
1.935484e-01  5.806452e+00  7.327280e-01
1.935484e-01  6.000000e+00  7.916859e-01
3.870968e-01  0.000000e+00  1.056527e+00
3.870968e-01  1.935484e-01  9.774192e-01
3.870968e-01  3.870968e-01  8.851167e-01
3.870968e-01  5.806452e-01  7.789654e-01
3.870968e-01  7.741935e-01  6.595497e-01
3.870968e-01  9.677419e-01  5.285445e-01
3.870968e-01  1.161290e+00  3.885471e-01
3.870968e-01  1.354839e+00  2.428947e-01
3.870968e-01  1.548387e+00  9.546845e-02
3.870968e-01  1.741935e+00  -4.951029e-02
3.870968e-01  1.935484e+00  -1.876854e-01
3.870968e-01  2.129032e+00  -3.147688e-01
3.870968e-01  2.322581e+00  -4.267330e-01
3.870968e-01  2.516129e+00  -5.199889e-01
3.870968e-01  2.709677e+00  -5.915417e-01
3.870968e-01  2.903226e+00  -6.391214e-01
3.870968e-01  3.096774e+00  -6.612824e-01
3.870968e-01  3.290323e+00  -6.574701e-01
3.870968e-01  3.483871e+00  -6.280519e-01
3.870968e-01  3.677419e+00  -5.743115e-01
3.870968e-01  3.870968e+00  -4.984088e-01
3.870968e-01  4.064516e+00  -4.033040e-01
3.870968e-01  4.258065e+00  -2.926524e-01
3.870968e-01  4.451613e+00  -1.706719e-01
3.870968e-01  4.645161e+00  -4.198790e-02
3.870968e-01  4.838710e+00  8.853580e-02
3.870968e-01  5.032258e+00  2.159771e-01
3.870968e-01  5.225806e+00  3.355375e-01
3.870968e-01  5.419355e+00  4.427196e-01
3.870968e-01  5.612903e+00  5.334939e-01
3.870968e-01  5.806452e+00  6.044486e-01
3.870968e-01  6.000000e+00  6.529157e-01
5.806452e-01  0.000000e+00  1.108101e+00
5.806452e-01  1.935484e-01  1.001122e+00
5.806452e-01  3.870968e-01  8.906250e-01
5.806452e-01  5.806452e-01  7.747758e-01
5.806452e-01  7.741935e-01  6.529900e-01
5.806452e-01  9.677419e-01  5.257688e-01
5.806452e-01  1.161290e+00  3.945286e-01
5.806452e-01  1.354839e+00  2.614226e-01
5.806452e-01  1.548387e+00  1.291572e-01
5.806452e-01  1.741935e+00  8.059263e-04
5.806452e-01  1.935484e+00  -1.203756e-01
5.806452e-01  2.129032e+00  -2.311288e-01
5.806452e-01  2.322581e+00  -3.283618e-01
5.806452e-01  2.516129e+00  -4.093039e-01
5.806452e-01  2.709677e+00  -4.716411e-01
5.806452e-01  2.903226e+00  -5.136298e-01
5.806452e-01  3.096774e+00  -5.341832e-01
5.806452e-01  3.290323e+00  -5.329305e-01
5.806452e-01  3.483871e+00  -5.102453e-01
5.806452e-01  3.677419e+00  -4.672442e-01
5.806452e-01  3.870968e+00  -4.057549e-01
5.806452e-01  4.064516e+00  -3.282565e-01
5.806452e-01  4.258065e+00  -2.377940e-01
5.806452e-01  4.451613e+00  -1.378696e-01
5.806452e-01  4.645161e+00  -3.231748e-02
5.806452e-01  4.838710e+00  7.483643e-02
5.806452e-01  5.032258e+00  1.795210e-01
5.806452e-01  5.225806e+00  2.777697e-01
5.806452e-01  5.419355e+00  3.658663e-01
5.806452e-01  5.612903e+00  4.404819e-01
5.806452e-01  5.806452e+00  4.987981e-01
5.806452e-01  6.000000e+00  5.386108e-01
7.741935e-01  0.000000e+00  1.160215e+00
7.741935e-01  1.935484e-01  1.028578e+00
7.741935e-01  3.870968e-01  9.016936e-01
7.741935e-01  5.806452e-01  7.767040e-01
7.741935e-01  7.741935e-01  6.520182e-01
7.741935e-01  9.677419e-01  5.271350e-01
7.741935e-01  1.161290e+00  4.024681e-01
7.741935e-01  1.354839e+00  2.791709e-01
7.741935e-01  1.548387e+00  1.589620e-01
7.741935e-01  1.741935e+00  4.395255e-02
7.741935e-01  1.935484e+00  -6.352208e-02
7.741935e-01  2.129032e+00  -1.610631e-01
7.741935e-01  2.322581e+00  -2.463585e-01
7.741935e-01  2.516129e+00  -3.173194e-01
7.741935e-01  2.709677e+00  -3.721994e-01
7.741935e-01  2.903226e+00  -4.096935e-01
7.741935e-01  3.096774e+00  -4.290150e-01
7.741935e-01  3.290323e+00  -4.299480e-01
7.741935e-01  3.483871e+00  -4.128741e-01
7.741935e-01  3.677419e+00  -3.787743e-01
7.741935e-01  3.870968e+00  -3.292049e-01
7.741935e-01  4.064516e+00  -2.662501e-01
7.741935e-01  4.258065e+00  -1.924529e-01
7.741935e-01  4.451613e+00  -1.107275e-01
7.741935e-01  4.645161e+00  -2.425637e-02
7.741935e-01  4.838710e+00  6.362387e-02
7.741935e-01  5.032258e+00  1.495429e-01
7.741935e-01  5.225806e+00  2.302190e-01
7.741935e-01  5.419355e+00  3.025794e-01
7.741935e-01  5.612903e+00  3.638723e-01
7.741935e-01  5.806452e+00  4.117679e-01
7.741935e-01  6.000000e+00  4.444440e-01
9.677419e-01  0.000000e+00  1.203547e+00
9.677419e-01  1.935484e-01  1.051523e+00
9.677419e-01  3.870968e-01  9.110780e-01
9.677419e-01  5.806452e-01  7.785101e-01
9.677419e-01  7.741935e-01  6.513965e-01
9.677419e-01  9.677419e-01  5.284083e-01
9.677419e-01  1.161290e+00  4.091320e-01
9.677419e-01  1.354839e+00  2.938961e-01
9.677419e-01  1.548387e+00  1.836046e-01
9.677419e-01  1.741935e+00  7.957466e-02
9.677419e-01  1.935484e+00  -1.661710e-02
9.677419e-01  2.129032e+00  -1.032807e-01
9.677419e-01  2.322581e+00  -1.787472e-01
9.677419e-01  2.516129e+00  -2.414901e-01
9.677419e-01  2.709677e+00  -2.902306e-01
9.677419e-01  2.903226e+00  -3.240256e-01
9.677419e-01  3.096774e+00  -3.423357e-01
9.677419e-01  3.290323e+00  -3.450729e-01
9.677419e-01  3.483871e+00  -3.326254e-01
9.677419e-01  3.677419e+00  -3.058627e-01
9.677419e-01  3.870968e+00  -2.661174e-01
9.677419e-01  4.064516e+00  -2.151482e-01
9.677419e-01  4.258065e+00  -1.550850e-01
9.677419e-01  4.451613e+00  -8.835706e-02
9.677419e-01  4.645161e+00  -1.761005e-02
9.677419e-01  4.838710e+00  5.438746e-02
9.677419e-01  5.032258e+00  1.248425e-01
9.677419e-01  5.225806e+00  1.910379e-01
9.677419e-01  5.419355e+00  2.504309e-01
9.677419e-01  5.612903e+00  3.007452e-01
9.677419e-01  5.806452e+00  3.400536e-01
9.677419e-01  6.000000e+00  3.668486e-01
1.161290e+00  0.000000e+00  1.230400e+00
1.161290e+00  1.935484e-01  1.063133e+00
1.161290e+00  3.870968e-01  9.127986e-01
1.161290e+00  5.806452e-01  7.750440e-01
1.161290e+00  7.741935e-01  6.468016e-01
1.161290e+00  9.677419e-01  5.260934e-01
1.161290e+00  1.161290e+00  4.118511e-01
1.161290e+00  1.354839e+00  3.037459e-01
1.161290e+00  1.548387e+00  2.020284e-01
1.161290e+00  1.741935e+00  1.073772e-01
1.161290e+00  1.935484e+00  2.075584e-02
1.161290e+00  2.129032e+00  -5.671952e-02
1.161290e+00  2.322581e+00  -1.239014e-01
1.161290e+00  2.516129e+00  -1.797197e-01
1.161290e+00  2.709677e+00  -2.232752e-01
1.161290e+00  2.903226e+00  -2.539183e-01
1.161290e+00  3.096774e+00  -2.713096e-01
1.161290e+00  3.290323e+00  -2.754630e-01
1.161290e+00  3.483871e+00  -2.667698e-01
1.161290e+00  3.677419e+00  -2.460053e-01
1.161290e+00  3.870968e+00  -2.143158e-01
1.161290e+00  4.064516e+00  -1.731908e-01
1.161290e+00  4.258065e+00  -1.244180e-01
1.161290e+00  4.451613e+00  -7.002637e-02
1.161290e+00  4.645161e+00  -1.221836e-02
1.161290e+00  4.838710e+00  4.670628e-02
1.161290e+00  5.032258e+00  1.044308e-01
1.161290e+00  5.225806e+00  1.587039e-01
1.161290e+00  5.419355e+00  2.074198e-01
1.161290e+00  5.612903e+00  2.486942e-01
1.161290e+00  5.806452e+00  2.809322e-01
1.161290e+00  6.000000e+00  3.028858e-01
1.354839e+00  0.000000e+00  1.234761e+00
1.354839e+00  1.935484e-01  1.058061e+00
1.354839e+00  3.870968e-01  9.021528e-01
1.354839e+00  5.806452e-01  7.622469e-01
1.354839e+00  7.741935e-01  6.348237e-01
1.354839e+00  9.677419e-01  5.174358e-01
1.354839e+00  1.161290e+00  4.085295e-01
1.354839e+00  1.354839e+00  3.072789e-01
1.354839e+00  1.548387e+00  2.134333e-01
1.354839e+00  1.741935e+00  1.271751e-01
1.354839e+00  1.935484e+00  4.898763e-02
1.354839e+00  2.129032e+00  -2.046505e-02
1.354839e+00  2.322581e+00  -8.044832e-02
1.354839e+00  2.516129e+00  -1.302540e-01
1.354839e+00  2.709677e+00  -1.692844e-01
1.354839e+00  2.903226e+00  -1.971222e-01
1.354839e+00  3.096774e+00  -2.135849e-01
1.354839e+00  3.290323e+00  -2.187640e-01
1.354839e+00  3.483871e+00  -2.130480e-01
1.354839e+00  3.677419e+00  -1.971302e-01
1.354839e+00  3.870968e+00  -1.720000e-01
1.354839e+00  4.064516e+00  -1.389217e-01
1.354839e+00  4.258065e+00  -9.939884e-02
1.354839e+00  4.451613e+00  -5.512849e-02
1.354839e+00  4.645161e+00  -7.946134e-03
1.354839e+00  4.838710e+00  4.023609e-02
1.354839e+00  5.032258e+00  8.749514e-02
1.354839e+00  5.225806e+00  1.319642e-01
1.354839e+00  5.419355e+00  1.718986e-01
1.354839e+00  5.612903e+00  2.057378e-01
1.354839e+00  5.806452e+00  2.321610e-01
1.354839e+00  6.000000e+00  2.501345e-01
1.548387e+00  0.000000e+00  1.212340e+00
1.548387e+00  1.935484e-01  1.032444e+00
1.548387e+00  3.870968e-01  8.757157e-01
1.548387e+00  5.806452e-01  7.371457e-01
1.548387e+00  7.741935e-01  6.129588e-01
1.548387e+00  9.677419e-01  5.004176e-01
1.548387e+00  1.161290e+00  3.976476e-01
1.548387e+00  1.354839e+00  3.034787e-01
1.548387e+00  1.548387e+00  2.173008e-01
1.548387e+00  1.741935e+00  1.389318e-01
1.548387e+00  1.935484e+00  6.849615e-02
1.548387e+00  2.129032e+00  6.315219e-03
1.548387e+00  2.322581e+00  -4.719161e-02
1.548387e+00  2.516129e+00  -9.159405e-02
1.548387e+00  2.709677e+00  -1.265259e-01
1.548387e+00  2.903226e+00  -1.517473e-01
1.548387e+00  3.096774e+00  -1.671937e-01
1.548387e+00  3.290323e+00  -1.730111e-01
1.548387e+00  3.483871e+00  -1.695780e-01
1.548387e+00  3.677419e+00  -1.575135e-01
1.548387e+00  3.870968e+00  -1.376727e-01
1.548387e+00  4.064516e+00  -1.111297e-01
1.548387e+00  4.258065e+00  -7.915042e-02
1.548387e+00  4.451613e+00  -4.315551e-02
1.548387e+00  4.645161e+00  -4.675643e-03
1.548387e+00  4.838710e+00  3.469850e-02
1.548387e+00  5.032258e+00  7.336989e-02
1.548387e+00  5.225806e+00  1.097900e-01
1.548387e+00  5.419355e+00  1.425128e-01
1.548387e+00  5.612903e+00  1.702454e-01
1.548387e+00  5.806452e+00  1.918937e-01
1.548387e+00  6.000000e+00  2.066013e-01
1.741935e+00  0.000000e+00  1.160572e+00
1.741935e+00  1.935484e-01  9.839021e-01
1.741935e+00  3.870968e-01  8.313250e-01
1.741935e+00  5.806452e-01  6.978336e-01
1.741935e+00  7.741935e-01  5.795916e-01
1.741935e+00  9.677419e-01  4.737454e-01
1.741935e+00  1.161290e+00  3.782577e-01
1.741935e+00  1.354839e+00  2.917583e-01
1.741935e+00  1.548387e+00  2.134103e-01
1.741935e+00  1.741935e+00  1.427877e-01
1.741935e+00  1.935484e+00  7.976598e-02
1.741935e+00  2.129032e+00  2.442286e-02
1.741935e+00  2.322581e+00  -2.305032e-02
1.741935e+00  2.516129e+00  -6.242610e-02
1.741935e+00  2.709677e+00  -9.350743e-02
1.741935e+00  2.903226e+00  -1.161830e-01
1.741935e+00  3.096774e+00  -1.304706e-01
1.741935e+00  3.290323e+00  -1.365492e-01
1.741935e+00  3.483871e+00  -1.347791e-01
1.741935e+00  3.677419e+00  -1.257101e-01
1.741935e+00  3.870968e+00  -1.100796e-01
1.741935e+00  4.064516e+00  -8.879983e-02
1.741935e+00  4.258065e+00  -6.293618e-02
1.741935e+00  4.451613e+00  -3.367759e-02
1.741935e+00  4.645161e+00  -2.300525e-03
1.741935e+00  4.838710e+00  2.987179e-02
1.741935e+00  5.032258e+00  6.151307e-02
1.741935e+00  5.225806e+00  9.133886e-02
1.741935e+00  5.419355e+00  1.181506e-01
1.741935e+00  5.612903e+00  1.408771e-01
1.741935e+00  5.806452e+00  1.586122e-01
1.741935e+00  6.000000e+00  1.706461e-01
1.935484e+00  0.000000e+00  1.078590e+00
1.935484e+00  1.935484e-01  9.114968e-01
1.935484e+00  3.870968e-01  7.680429e-01
1.935484e+00  5.806452e-01  6.434354e-01
1.935484e+00  7.741935e-01  5.339642e-01
1.935484e+00  9.677419e-01  4.368255e-01
1.935484e+00  1.161290e+00  3.499678e-01
1.935484e+00  1.354839e+00  2.719550e-01
1.935484e+00  1.548387e+00  2.018442e-01
1.935484e+00  1.741935e+00  1.390760e-01
1.935484e+00  1.935484e+00  8.337590e-02
1.935484e+00  2.129032e+00  3.466629e-02
1.935484e+00  2.322581e+00  -7.011842e-03
1.935484e+00  2.516129e+00  -4.156719e-02
1.935484e+00  2.709677e+00  -6.891663e-02
1.935484e+00  2.903226e+00  -8.903369e-02
1.935484e+00  3.096774e+00  -1.019869e-01
1.935484e+00  3.290323e+00  -1.079681e-01
1.935484e+00  3.483871e+00  -1.073106e-01
1.935484e+00  3.677419e+00  -1.004976e-01
1.935484e+00  3.870968e+00  -8.816157e-02
1.935484e+00  4.064516e+00  -7.107465e-02
1.935484e+00  4.258065e+00  -5.013160e-02
1.935484e+00  4.451613e+00  -2.632602e-02
1.935484e+00  4.645161e+00  -7.211912e-04
1.935484e+00  4.838710e+00  2.558308e-02
1.935484e+00  5.032258e+00  5.148614e-02
1.935484e+00  5.225806e+00  7.592314e-02
1.935484e+00  5.419355e+00  9.790115e-02
1.935484e+00  5.612903e+00  1.165332e-01
1.935484e+00  5.806452e+00  1.310689e-01
1.935484e+00  6.000000e+00  1.409205e-01
2.129032e+00  0.000000e+00  9.671432e-01
2.129032e+00  1.935484e-01  8.156659e-01
2.129032e+00  3.870968e-01  6.860940e-01
2.129032e+00  5.806452e-01  5.740515e-01
2.129032e+00  7.741935e-01  4.761291e-01
2.129032e+00  9.677419e-01  3.897267e-01
2.129032e+00  1.161290e+00  3.129149e-01
2.129032e+00  1.354839e+00  2.443133e-01
2.129032e+00  1.548387e+00  1.829828e-01
2.129032e+00  1.741935e+00  1.283288e-01
2.129032e+00  1.935484e+00  8.001484e-02
2.129032e+00  2.129032e+00  3.788633e-02
2.129032e+00  2.322581e+00  1.902218e-03
2.129032e+00  2.516129e+00  -2.792391e-02
2.129032e+00  2.709677e+00  -5.157433e-02
2.129032e+00  2.903226e+00  -6.906908e-02
2.129032e+00  3.096774e+00  -8.049912e-02
2.129032e+00  3.290323e+00  -8.605095e-02
2.129032e+00  3.483871e+00  -8.602261e-02
2.129032e+00  3.677419e+00  -8.083163e-02
2.129032e+00  3.870968e+00  -7.101504e-02
2.129032e+00  4.064516e+00  -5.722222e-02
2.129032e+00  4.258065e+00  -4.020127e-02
2.129032e+00  4.451613e+00  -2.077985e-02
2.129032e+00  4.645161e+00  1.585310e-04
2.129032e+00  4.838710e+00  2.170156e-02
2.129032e+00  5.032258e+00  4.293730e-02
2.129032e+00  5.225806e+00  6.298417e-02
2.129032e+00  5.419355e+00  8.102059e-02
2.129032e+00  5.612903e+00  9.631287e-02
2.129032e+00  5.806452e+00  1.082404e-01
2.129032e+00  6.000000e+00  1.163170e-01
2.322581e+00  0.000000e+00  8.284917e-01
2.322581e+00  1.935484e-01  6.981204e-01
2.322581e+00  3.870968e-01  5.867763e-01
2.322581e+00  5.806452e-01  4.906816e-01
2.322581e+00  7.741935e-01  4.068855e-01
2.322581e+00  9.677419e-01  3.331286e-01
2.322581e+00  1.161290e+00  2.677248e-01
2.322581e+00  1.354839e+00  2.094576e-01
2.322581e+00  1.548387e+00  1.574877e-01
2.322581e+00  1.741935e+00  1.112714e-01
2.322581e+00  1.935484e+00  7.048710e-02
2.322581e+00  2.129032e+00  3.497085e-02
2.322581e+00  2.322581e+00  4.658729e-03
2.322581e+00  2.516129e+00  -2.046286e-02
2.322581e+00  2.709677e+00  -4.039976e-02
2.322581e+00  2.903226e+00  -5.518532e-02
2.322581e+00  3.096774e+00  -6.490839e-02
2.322581e+00  3.290323e+00  -6.973407e-02
2.322581e+00  3.483871e+00  -6.991739e-02
2.322581e+00  3.677419e+00  -6.581018e-02
2.322581e+00  3.870968e+00  -5.786135e-02
2.322581e+00  4.064516e+00  -4.661129e-02
2.322581e+00  4.258065e+00  -3.268082e-02
2.322581e+00  4.451613e+00  -1.675551e-02
2.322581e+00  4.645161e+00  4.336390e-04
2.322581e+00  4.838710e+00  1.813242e-02
2.322581e+00  5.032258e+00  3.558737e-02
2.322581e+00  5.225806e+00  5.207039e-02
2.322581e+00  5.419355e+00  6.690310e-02
2.322581e+00  5.612903e+00  7.947982e-02
2.322581e+00  5.806452e+00  8.928821e-02
2.322581e+00  6.000000e+00  9.592684e-02
2.516129e+00  0.000000e+00  6.662449e-01
2.516129e+00  1.935484e-01  5.617109e-01
2.516129e+00  3.870968e-01  4.723464e-01
2.516129e+00  5.806452e-01  3.951280e-01
2.516129e+00  7.741935e-01  3.276979e-01
2.516129e+00  9.677419e-01  2.682552e-01
2.516129e+00  1.161290e+00  2.154608e-01
2.516129e+00  1.354839e+00  1.683536e-01
2.516129e+00  1.548387e+00  1.262760e-01
2.516129e+00  1.741935e+00  8.880797e-02
2.516129e+00  1.935484e+00  5.570782e-02
2.516129e+00  2.129032e+00  2.685941e-02
2.516129e+00  2.322581e+00  2.225796e-03
2.516129e+00  2.516129e+00  -1.819128e-02
2.516129e+00  2.709677e+00  -3.438597e-02
2.516129e+00  2.903226e+00  -4.637697e-02
2.516129e+00  3.096774e+00  -5.423024e-02
2.516129e+00  3.290323e+00  -5.807586e-02
2.516129e+00  3.483871e+00  -5.811907e-02
2.516129e+00  3.677419e+00  -5.464573e-02
2.516129e+00  3.870968e+00  -4.802242e-02
2.516129e+00  4.064516e+00  -3.869169e-02
2.516129e+00  4.258065e+00  -2.716283e-02
2.516129e+00  4.451613e+00  -1.399893e-02
2.516129e+00  4.645161e+00  1.992114e-04
2.516129e+00  4.838710e+00  1.481137e-02
2.516129e+00  5.032258e+00  2.921769e-02
2.516129e+00  5.225806e+00  4.281908e-02
2.516129e+00  5.419355e+00  5.505725e-02
2.516129e+00  5.612903e+00  6.543368e-02
2.516129e+00  5.806452e+00  7.352666e-02
2.516129e+00  6.000000e+00  7.900580e-02
2.709677e+00  0.000000e+00  4.851692e-01
2.709677e+00  1.935484e-01  4.102634e-01
2.709677e+00  3.870968e-01  3.458810e-01
2.709677e+00  5.806452e-01  2.898784e-01
2.709677e+00  7.741935e-01  2.405994e-01
2.709677e+00  9.677419e-01  1.967963e-01
2.709677e+00  1.161290e+00  1.575601e-01
2.709677e+00  1.354839e+00  1.222593e-01
2.709677e+00  1.548387e+00  9.048414e-02
2.709677e+00  1.741935e+00  6.199748e-02
2.709677e+00  1.935484e+00  3.668983e-02
2.709677e+00  2.129032e+00  1.453945e-02
2.709677e+00  2.322581e+00  -4.423154e-03
2.709677e+00  2.516129e+00  -2.014634e-02
2.709677e+00  2.709677e+00  -3.258392e-02
2.709677e+00  2.903226e+00  -4.171719e-02
2.709677e+00  3.096774e+00  -4.757242e-02
2.709677e+00  3.290323e+00  -5.023364e-02
2.709677e+00  3.483871e+00  -4.985090e-02
2.709677e+00  3.677419e+00  -4.664403e-02
2.709677e+00  3.870968e+00  -4.090215e-02
2.709677e+00  4.064516e+00  -3.297927e-02
2.709677e+00  4.258065e+00  -2.328626e-02
2.709677e+00  4.451613e+00  -1.227985e-02
2.709677e+00  4.645161e+00  -4.491840e-04
2.709677e+00  4.838710e+00  1.169960e-02
2.709677e+00  5.032258e+00  2.365978e-02
2.709677e+00  5.225806e+00  3.494102e-02
2.709677e+00  5.419355e+00  4.508603e-02
2.709677e+00  5.612903e+00  5.368628e-02
2.709677e+00  5.806452e+00  6.039614e-02
2.709677e+00  6.000000e+00  6.494491e-02
2.903226e+00  0.000000e+00  2.909620e-01
2.903226e+00  1.935484e-01  2.483886e-01
2.903226e+00  3.870968e-01  2.111166e-01
2.903226e+00  5.806452e-01  1.779729e-01
2.903226e+00  7.741935e-01  1.480814e-01
2.903226e+00  9.677419e-01  1.208164e-01
2.903226e+00  1.161290e+00  9.576093e-02
2.903226e+00  1.354839e+00  7.266786e-02
2.903226e+00  1.548387e+00  5.142499e-02
2.903226e+00  1.741935e+00  3.202249e-02
2.903226e+00  1.935484e+00  1.452314e-02
2.903226e+00  2.129032e+00  -9.648755e-04
2.903226e+00  2.322581e+00  -1.431255e-02
2.903226e+00  2.516129e+00  -2.539173e-02
2.903226e+00  2.709677e+00  -3.409379e-02
2.903226e+00  2.903226e+00  -4.034522e-02
2.903226e+00  3.096774e+00  -4.411973e-02
2.903226e+00  3.290323e+00  -4.544712e-02
2.903226e+00  3.483871e+00  -4.441851e-02
2.903226e+00  3.677419e+00  -4.118823e-02
2.903226e+00  3.870968e+00  -3.597246e-02
2.903226e+00  4.064516e+00  -2.904469e-02
2.903226e+00  4.258065e+00  -2.072851e-02
2.903226e+00  4.451613e+00  -1.138792e-02
2.903226e+00  4.645161e+00  -1.415796e-03
2.903226e+00  4.838710e+00  8.779168e-03
2.903226e+00  5.032258e+00  1.878634e-02
2.903226e+00  5.225806e+00  2.820737e-02
2.903226e+00  5.419355e+00  3.667011e-02
2.903226e+00  5.612903e+00  4.384181e-02
2.903226e+00  5.806452e+00  4.944086e-02
2.903226e+00  6.000000e+00  5.324678e-02
3.096774e+00  0.000000e+00  8.999821e-02
3.096774e+00  1.935484e-01  8.127027e-02
3.096774e+00  3.870968e-01  7.227343e-02
3.096774e+00  5.806452e-01  6.285694e-02
3.096774e+00  7.741935e-01  5.297135e-02
3.096774e+00  9.677419e-01  4.265532e-02
3.096774e+00  1.161290e+00  3.202173e-02
3.096774e+00  1.354839e+00  2.124326e-02
3.096774e+00  1.548387e+00  1.053749e-02
3.096774e+00  1.741935e+00  1.518230e-04
3.096774e+00  1.935484e+00  -9.651468e-03
3.096774e+00  2.129032e+00  -1.860977e-02
3.096774e+00  2.322581e+00  -2.647381e-02
3.096774e+00  2.516129e+00  -3.302017e-02
3.096774e+00  2.709677e+00  -3.806229e-02
3.096774e+00  2.903226e+00  -4.145958e-02
3.096774e+00  3.096774e+00  -4.312449e-02
3.096774e+00  3.290323e+00  -4.302725e-02
3.096774e+00  3.483871e+00  -4.119817e-02
3.096774e+00  3.677419e+00  -3.772757e-02
3.096774e+00  3.870968e+00  -3.276318e-02
3.096774e+00  4.064516e+00  -2.650533e-02
3.096774e+00  4.258065e+00  -1.920001e-02
3.096774e+00  4.451613e+00  -1.113019e-02
3.096774e+00  4.645161e+00  -2.605580e-03
3.096774e+00  4.838710e+00  6.048583e-03
3.096774e+00  5.032258e+00  1.450344e-02
3.096774e+00  5.225806e+00  2.243858e-02
3.096774e+00  5.419355e+00  2.955382e-02
3.096774e+00  5.612903e+00  3.558026e-02
3.096774e+00  5.806452e+00  4.029025e-02
3.096774e+00  6.000000e+00  4.350572e-02
3.290323e+00  0.000000e+00  -1.109404e-01
3.290323e+00  1.935484e-01  -8.556012e-02
3.290323e+00  3.870968e-01  -6.613320e-02
3.290323e+00  5.806452e-01  -5.177523e-02
3.290323e+00  7.741935e-01  -4.169582e-02
3.290323e+00  9.677419e-01  -3.517824e-02
3.290323e+00  1.161290e+00  -3.156510e-02
3.290323e+00  1.354839e+00  -3.024908e-02
3.290323e+00  1.548387e+00  -3.066765e-02
3.290323e+00  1.741935e+00  -3.230118e-02
3.290323e+00  1.935484e+00  -3.467333e-02
3.290323e+00  2.129032e+00  -3.735328e-02
3.290323e+00  2.322581e+00  -3.995892e-02
3.290323e+00  2.516129e+00  -4.216057e-02
3.290323e+00  2.709677e+00  -4.368451e-02
3.290323e+00  2.903226e+00  -4.431602e-02
3.290323e+00  3.096774e+00  -4.390150e-02
3.290323e+00  3.290323e+00  -4.234926e-02
3.290323e+00  3.483871e+00  -3.962900e-02
3.290323e+00  3.677419e+00  -3.576953e-02
3.290323e+00  3.870968e+00  -3.085503e-02
3.290323e+00  4.064516e+00  -2.501962e-02
3.290323e+00  4.258065e+00  -1.844051e-02
3.290323e+00  4.451613e+00  -1.132985e-02
3.290323e+00  4.645161e+00  -3.925529e-03
3.290323e+00  4.838710e+00  3.518716e-03
3.290323e+00  5.032258e+00  1.074366e-02
3.290323e+00  5.225806e+00  1.749496e-02
3.290323e+00  5.419355e+00  2.353323e-02
3.290323e+00  5.612903e+00  2.864350e-02
3.290323e+00  5.806452e+00  3.264357e-02
3.290323e+00  6.000000e+00  3.539120e-02
3.483871e+00  0.000000e+00  -3.049457e-01
3.483871e+00  1.935484e-01  -2.464572e-01
3.483871e+00  3.870968e-01  -1.994864e-01
3.483871e+00  5.806452e-01  -1.621410e-01
3.483871e+00  7.741935e-01  -1.328109e-01
3.483871e+00  9.677419e-01  -1.101156e-01
3.483871e+00  1.161290e+00  -9.286221e-02
3.483871e+00  1.354839e+00  -8.001388e-02
3.483871e+00  1.548387e+00  -7.066501e-02
3.483871e+00  1.741935e+00  -6.402311e-02
3.483871e+00  1.935484e+00  -5.939550e-02
3.483871e+00  2.129032e+00  -5.617982e-02
3.483871e+00  2.322581e+00  -5.385738e-02
3.483871e+00  2.516129e+00  -5.198855e-02
3.483871e+00  2.709677e+00  -5.020937e-02
3.483871e+00  2.903226e+00  -4.822886e-02
3.483871e+00  3.096774e+00  -4.582647e-02
3.483871e+00  3.290323e+00  -4.284922e-02
3.483871e+00  3.483871e+00  -3.920830e-02
3.483871e+00  3.677419e+00  -3.487488e-02
3.483871e+00  3.870968e+00  -2.987499e-02
3.483871e+00  4.064516e+00  -2.428346e-02
3.483871e+00  4.258065e+00  -1.821687e-02
3.483871e+00  4.451613e+00  -1.182581e-02
3.483871e+00  4.645161e+00  -5.286321e-03
3.483871e+00  4.838710e+00  1.208973e-03
3.483871e+00  5.032258e+00  7.460029e-03
3.483871e+00  5.225806e+00  1.326844e-02
3.483871e+00  5.419355e+00  1.844616e-02
3.483871e+00  5.612903e+00  2.282363e-02
3.483871e+00  5.806452e+00  2.625697e-02
3.483871e+00  6.000000e+00  2.863412e-02
3.677419e+00  0.000000e+00  -4.852639e-01
3.677419e+00  1.935484e-01  -3.958942e-01
3.677419e+00  3.870968e-01  -3.232607e-01
3.677419e+00  5.806452e-01  -2.645292e-01
3.677419e+00  7.741935e-01  -2.173224e-01
3.677419e+00  9.677419e-01  -1.796367e-01
3.677419e+00  1.161290e+00  -1.497760e-01
3.677419e+00  1.354839e+00  -1.262979e-01
3.677419e+00  1.548387e+00  -1.079719e-01
3.677419e+00  1.741935e+00  -9.374572e-02
3.677419e+00  1.935484e+00  -8.271964e-02
3.677419e+00  2.129032e+00  -7.412627e-02
3.677419e+00  2.322581e+00  -6.731484e-02
3.677419e+00  2.516129e+00  -6.173904e-02
3.677419e+00  2.709677e+00  -5.694729e-02
3.677419e+00  2.903226e+00  -5.257487e-02
3.677419e+00  3.096774e+00  -4.833703e-02
3.677419e+00  3.290323e+00  -4.402287e-02
3.677419e+00  3.483871e+00  -3.948927e-02
3.677419e+00  3.677419e+00  -3.465485e-02
3.677419e+00  3.870968e+00  -2.949360e-02
3.677419e+00  4.064516e+00  -2.402803e-02
3.677419e+00  4.258065e+00  -1.832198e-02
3.677419e+00  4.451613e+00  -1.247296e-02
3.677419e+00  4.645161e+00  -6.604157e-03
3.677419e+00  4.838710e+00  -8.562469e-04
3.677419e+00  5.032258e+00  4.620791e-03
3.677419e+00  5.225806e+00  9.675712e-03
3.677419e+00  5.419355e+00  1.416366e-02
3.677419e+00  5.612903e+00  1.795322e-02
3.677419e+00  5.806452e+00  2.093270e-02
3.677419e+00  6.000000e+00  2.301540e-02
3.870968e+00  0.000000e+00  -6.455656e-01
3.870968e+00  1.935484e-01  -5.286876e-01
3.870968e+00  3.870968e-01  -4.332088e-01
3.870968e+00  5.806452e-01  -3.554548e-01
3.870968e+00  7.741935e-01  -2.923635e-01
3.870968e+00  9.677419e-01  -2.413749e-01
3.870968e+00  1.161290e+00  -2.003422e-01
3.870968e+00  1.354839e+00  -1.674595e-01
3.870968e+00  1.548387e+00  -1.412043e-01
3.870968e+00  1.741935e+00  -1.202901e-01
3.870968e+00  1.935484e+00  -1.036304e-01
3.870968e+00  2.129032e+00  -9.030810e-02
3.870968e+00  2.322581e+00  -7.955241e-02
3.870968e+00  2.516129e+00  -7.071990e-02
3.870968e+00  2.709677e+00  -6.327922e-02
3.870968e+00  2.903226e+00  -5.679858e-02
3.870968e+00  3.096774e+00  -5.093523e-02
3.870968e+00  3.290323e+00  -4.542624e-02
3.870968e+00  3.483871e+00  -4.008028e-02
3.870968e+00  3.677419e+00  -3.476978e-02
3.870968e+00  3.870968e+00  -2.942342e-02
3.870968e+00  4.064516e+00  -2.401869e-02
3.870968e+00  4.258065e+00  -1.857434e-02
3.870968e+00  4.451613e+00  -1.314282e-02
3.870968e+00  4.645161e+00  -7.802643e-03
3.870968e+00  4.838710e+00  -2.650794e-03
3.870968e+00  5.032258e+00  2.204749e-03
3.870968e+00  5.225806e+00  6.652222e-03
3.870968e+00  5.419355e+00  1.058286e-02
3.870968e+00  5.612903e+00  1.389710e-02
3.870968e+00  5.806452e+00  1.651010e-02
3.870968e+00  6.000000e+00  1.835636e-02
4.064516e+00  0.000000e+00  -7.801980e-01
4.064516e+00  1.935484e-01  -6.402055e-01
4.064516e+00  3.870968e-01  -5.255332e-01
4.064516e+00  5.806452e-01  -4.318008e-01
4.064516e+00  7.741935e-01  -3.553702e-01
4.064516e+00  9.677419e-01  -2.932136e-01
4.064516e+00  1.161290e+00  -2.428051e-01
4.064516e+00  1.354839e+00  -2.020329e-01
4.064516e+00  1.548387e+00  -1.691284e-01
4.064516e+00  1.741935e+00  -1.426083e-01
4.064516e+00  1.935484e+00  -1.212280e-01
4.064516e+00  2.129032e+00  -1.039444e-01
4.064516e+00  2.322581e+00  -8.988540e-02
4.064516e+00  2.516129e+00  -7.832548e-02
4.064516e+00  2.709677e+00  -6.866591e-02
4.064516e+00  2.903226e+00  -6.041830e-02
4.064516e+00  3.096774e+00  -5.319097e-02
4.064516e+00  3.290323e+00  -4.667722e-02
4.064516e+00  3.483871e+00  -4.064521e-02
4.064516e+00  3.677419e+00  -3.492868e-02
4.064516e+00  3.870968e+00  -2.941850e-02
4.064516e+00  4.064516e+00  -2.405460e-02
4.064516e+00  4.258065e+00  -1.881822e-02
4.064516e+00  4.451613e+00  -1.372441e-02
4.064516e+00  4.645161e+00  -8.814626e-03
4.064516e+00  4.838710e+00  -4.149657e-03
4.064516e+00  5.032258e+00  1.972946e-04
4.064516e+00  5.225806e+00  4.147126e-03
4.064516e+00  5.419355e+00  7.620919e-03
4.064516e+00  5.612903e+00  1.054546e-02
4.064516e+00  5.806452e+00  1.285812e-02
4.064516e+00  6.000000e+00  1.451089e-02
4.258065e+00  0.000000e+00  -8.844080e-01
4.258065e+00  1.935484e-01  -7.265530e-01
4.258065e+00  3.870968e-01  -5.970408e-01
4.258065e+00  5.806452e-01  -4.909459e-01
4.258065e+00  7.741935e-01  -4.041861e-01
4.258065e+00  9.677419e-01  -3.333729e-01
4.258065e+00  1.161290e+00  -2.756884e-01
4.258065e+00  1.354839e+00  -2.287859e-01
4.258065e+00  1.548387e+00  -1.907079e-01
4.258065e+00  1.741935e+00  -1.598200e-01
4.258065e+00  1.935484e+00  -1.347573e-01
4.258065e+00  2.129032e+00  -1.143805e-01
4.258065e+00  2.322581e+00  -9.774031e-02
4.258065e+00  2.516129e+00  -8.404902e-02
4.258065e+00  2.709677e+00  -7.265669e-02
4.258065e+00  2.903226e+00  -6.303188e-02
4.258065e+00  3.096774e+00  -5.474555e-02
4.258065e+00  3.290323e+00  -4.745739e-02
4.258065e+00  3.483871e+00  -4.090416e-02
4.258065e+00  3.677419e+00  -3.488940e-02
4.258065e+00  3.870968e+00  -2.927418e-02
4.258065e+00  4.064516e+00  -2.396860e-02
4.258065e+00  4.258065e+00  -1.892394e-02
4.258065e+00  4.451613e+00  -1.412517e-02
4.258065e+00  4.645161e+00  -9.583857e-03
4.258065e+00  4.838710e+00  -5.331472e-03
4.258065e+00  5.032258e+00  -1.412994e-03
4.258065e+00  5.225806e+00  2.119039e-03
4.258065e+00  5.419355e+00  5.210013e-03
4.258065e+00  5.612903e+00  7.808188e-03
4.258065e+00  5.806452e+00  9.869016e-03
4.258065e+00  6.000000e+00  1.135878e-02
4.451613e+00  0.000000e+00  -9.545304e-01
4.451613e+00  1.935484e-01  -7.847276e-01
4.451613e+00  3.870968e-01  -6.452706e-01
4.451613e+00  5.806452e-01  -5.308706e-01
4.451613e+00  7.741935e-01  -4.371500e-01
4.451613e+00  9.677419e-01  -3.604813e-01
4.451613e+00  1.161290e+00  -2.978543e-01
4.451613e+00  1.354839e+00  -2.467679e-01
4.451613e+00  1.548387e+00  -2.051417e-01
4.451613e+00  1.741935e+00  -1.712439e-01
4.451613e+00  1.935484e+00  -1.436323e-01
4.451613e+00  2.129032e+00  -1.211067e-01
4.451613e+00  2.322581e+00  -1.026692e-01
4.451613e+00  2.516129e+00  -8.749325e-02
4.451613e+00  2.709677e+00  -7.489693e-02
4.451613e+00  2.903226e+00  -6.432174e-02
4.451613e+00  3.096774e+00  -5.531477e-02
4.451613e+00  3.290323e+00  -4.751372e-02
4.451613e+00  3.483871e+00  -4.063421e-02
4.451613e+00  3.677419e+00  -3.445876e-02
4.451613e+00  3.870968e+00  -2.882706e-02
4.451613e+00  4.064516e+00  -2.362730e-02
4.451613e+00  4.258065e+00  -1.878821e-02
4.451613e+00  4.451613e+00  -1.427177e-02
4.451613e+00  4.645161e+00  -1.006640e-02
4.451613e+00  4.838710e+00  -6.180629e-03
4.451613e+00  5.032258e+00  -2.637168e-03
4.451613e+00  5.225806e+00  5.325051e-04
4.451613e+00  5.419355e+00  3.293126e-03
4.451613e+00  5.612903e+00  5.610084e-03
4.451613e+00  5.806452e+00  7.453284e-03
4.451613e+00  6.000000e+00  8.800395e-03
4.645161e+00  0.000000e+00  -9.881331e-01
4.645161e+00  1.935484e-01  -8.127400e-01
4.645161e+00  3.870968e-01  -6.685944e-01
4.645161e+00  5.806452e-01  -5.502400e-01
4.645161e+00  7.741935e-01  -4.531644e-01
4.645161e+00  9.677419e-01  -3.736325e-01
4.645161e+00  1.161290e+00  -3.085492e-01
4.645161e+00  1.354839e+00  -2.553473e-01
4.645161e+00  1.548387e+00  -2.118951e-01
4.645161e+00  1.741935e+00  -1.764216e-01
4.645161e+00  1.935484e+00  -1.474551e-01
4.645161e+00  2.129032e+00  -1.237729e-01
4.645161e+00  2.322581e+00  -1.043606e-01
4.645161e+00  2.516129e+00  -8.837832e-02
4.645161e+00  2.709677e+00  -7.513356e-02
4.645161e+00  2.903226e+00  -6.405843e-02
4.645161e+00  3.096774e+00  -5.469100e-02
4.645161e+00  3.290323e+00  -4.665962e-02
4.645161e+00  3.483871e+00  -3.966971e-02
4.645161e+00  3.677419e+00  -3.349242e-02
4.645161e+00  3.870968e+00  -2.795474e-02
4.645161e+00  4.064516e+00  -2.293084e-02
4.645161e+00  4.258065e+00  -1.833421e-02
4.645161e+00  4.451613e+00  -1.411064e-02
4.645161e+00  4.645161e+00  -1.023171e-02
4.645161e+00  4.838710e+00  -6.688917e-03
4.645161e+00  5.032258e+00  -3.488170e-03
4.645161e+00  5.225806e+00  -6.448524e-04
4.645161e+00  5.419355e+00  1.820672e-03
4.645161e+00  5.612903e+00  3.887050e-03
4.645161e+00  5.806452e+00  5.535386e-03
4.645161e+00  6.000000e+00  6.752144e-03
4.838710e+00  0.000000e+00  -9.841149e-01
4.838710e+00  1.935484e-01  -8.096948e-01
4.838710e+00  3.870968e-01  -6.662835e-01
4.838710e+00  5.806452e-01  -5.484593e-01
4.838710e+00  7.741935e-01  -4.517410e-01
4.838710e+00  9.677419e-01  -3.724223e-01
4.838710e+00  1.161290e+00  -3.074350e-01
4.838710e+00  1.354839e+00  -2.542367e-01
4.838710e+00  1.548387e+00  -2.107193e-01
4.838710e+00  1.741935e+00  -1.751335e-01
4.838710e+00  1.935484e+00  -1.460280e-01
4.838710e+00  2.129032e+00  -1.221983e-01
4.838710e+00  2.322581e+00  -1.026463e-01
4.838710e+00  2.516129e+00  -8.654655e-02
4.838710e+00  2.709677e+00  -7.321813e-02
4.838710e+00  2.903226e+00  -6.210241e-02
4.838710e+00  3.096774e+00  -5.274396e-02
4.838710e+00  3.290323e+00  -4.477495e-02
4.838710e+00  3.483871e+00  -3.790187e-02
4.838710e+00  3.677419e+00  -3.189429e-02
4.838710e+00  3.870968e+00  -2.657520e-02
4.838710e+00  4.064516e+00  -2.181248e-02
4.838710e+00  4.258065e+00  -1.751145e-02
4.838710e+00  4.451613e+00  -1.360815e-02
4.838710e+00  4.645161e+00  -1.006328e-02
4.838710e+00  4.838710e+00  -6.856723e-03
4.838710e+00  5.032258e+00  -3.982557e-03
4.838710e+00  5.225806e+00  -1.444568e-03
4.838710e+00  5.419355e+00  7.477923e-04
4.838710e+00  5.612903e+00  2.582966e-03
4.838710e+00  5.806452e+00  4.050360e-03
4.838710e+00  6.000000e+00  5.142919e-03
5.032258e+00  0.000000e+00  -9.427525e-01
5.032258e+00  1.935484e-01  -7.758301e-01
5.032258e+00  3.870968e-01  -6.385416e-01
5.032258e+00  5.806452e-01  -5.257008e-01
5.032258e+00  7.741935e-01  -4.330235e-01
5.032258e+00  9.677419e-01  -3.569680e-01
5.032258e+00  1.161290e+00  -2.946038e-01
5.032258e+00  1.354839e+00  -2.435048e-01
5.032258e+00  1.548387e+00  -2.016611e-01
5.032258e+00  1.741935e+00  -1.674063e-01
5.032258e+00  1.935484e+00  -1.393591e-01
5.032258e+00  2.129032e+00  -1.163744e-01
5.032258e+00  2.322581e+00  -9.750394e-02
5.032258e+00  2.516129e+00  -8.196366e-02
5.032258e+00  2.709677e+00  -6.910714e-02
5.032258e+00  2.903226e+00  -5.840363e-02
5.032258e+00  3.096774e+00  -4.941984e-02
5.032258e+00  3.290323e+00  -4.180484e-02
5.032258e+00  3.483871e+00  -3.527738e-02
5.032258e+00  3.677419e+00  -2.961514e-02
5.032258e+00  3.870968e+00  -2.464549e-02
5.032258e+00  4.064516e+00  -2.023753e-02
5.032258e+00  4.258065e+00  -1.629506e-02
5.032258e+00  4.451613e+00  -1.275043e-02
5.032258e+00  4.645161e+00  -9.558898e-03
5.032258e+00  4.838710e+00  -6.693739e-03
5.032258e+00  5.032258e+00  -4.141698e-03
5.032258e+00  5.225806e+00  -1.898994e-03
5.032258e+00  5.419355e+00  3.227387e-05
5.032258e+00  5.612903e+00  1.647266e-03
5.032258e+00  5.806452e+00  2.941115e-03
5.032258e+00  6.000000e+00  3.911189e-03
5.225806e+00  0.000000e+00  -8.656951e-01
5.225806e+00  1.935484e-01  -7.125130e-01
5.225806e+00  3.870968e-01  -5.865011e-01
5.225806e+00  5.806452e-01  -4.829018e-01
5.225806e+00  7.741935e-01  -3.977857e-01
5.225806e+00  9.677419e-01  -3.279057e-01
5.225806e+00  1.161290e+00  -2.705761e-01
5.225806e+00  1.354839e+00  -2.235747e-01
5.225806e+00  1.548387e+00  -1.850610e-01
5.225806e+00  1.741935e+00  -1.535107e-01
5.225806e+00  1.935484e+00  -1.276603e-01
5.225806e+00  2.129032e+00  -1.064636e-01
5.225806e+00  2.322581e+00  -8.905417e-02
5.225806e+00  2.516129e+00  -7.471616e-02
5.225806e+00  2.709677e+00  -6.285931e-02
5.225806e+00  2.903226e+00  -5.299879e-02
5.225806e+00  3.096774e+00  -4.473847e-02
5.225806e+00  3.290323e+00  -3.775696e-02
5.225806e+00  3.483871e+00  -3.179594e-02
5.225806e+00  3.677419e+00  -2.665033e-02
5.225806e+00  3.870968e+00  -2.215986e-02
5.225806e+00  4.064516e+00  -1.820180e-02
5.225806e+00  4.258065e+00  -1.468466e-02
5.225806e+00  4.451613e+00  -1.154257e-02
5.225806e+00  4.645161e+00  -8.730379e-03
5.225806e+00  4.838710e+00  -6.219201e-03
5.225806e+00  5.032258e+00  -3.992473e-03
5.225806e+00  5.225806e+00  -2.042427e-03
5.225806e+00  5.419355e+00  -3.669613e-04
5.225806e+00  5.612903e+00  1.033095e-03
5.225806e+00  5.806452e+00  2.156332e-03
5.225806e+00  6.000000e+00  3.002728e-03
5.419355e+00  0.000000e+00  -7.559061e-01
5.419355e+00  1.935484e-01  -6.221925e-01
5.419355e+00  3.870968e-01  -5.121853e-01
5.419355e+00  5.806452e-01  -4.217324e-01
5.419355e+00  7.741935e-01  -3.474050e-01
5.419355e+00  9.677419e-01  -2.863696e-01
5.419355e+00  1.161290e+00  -2.362837e-01
5.419355e+00  1.354839e+00  -1.952090e-01
5.419355e+00  1.548387e+00  -1.615410e-01
5.419355e+00  1.741935e+00  -1.339509e-01
5.419355e+00  1.935484e+00  -1.113379e-01
5.419355e+00  2.129032e+00  -9.279031e-02
5.419355e+00  2.322581e+00  -7.755382e-02
5.419355e+00  2.516129e+00  -6.500498e-02
5.419355e+00  2.709677e+00  -5.462984e-02
5.419355e+00  2.903226e+00  -4.600615e-02
5.419355e+00  3.096774e+00  -3.878876e-02
5.419355e+00  3.290323e+00  -3.269741e-02
5.419355e+00  3.483871e+00  -2.750652e-02
5.419355e+00  3.677419e+00  -2.303662e-02
5.419355e+00  3.870968e+00  -1.914700e-02
5.419355e+00  4.064516e+00  -1.572943e-02
5.419355e+00  4.258065e+00  -1.270263e-02
5.419355e+00  4.451613e+00  -1.000752e-02
5.419355e+00  4.645161e+00  -7.602889e-03
5.419355e+00  4.838710e+00  -5.461667e-03
5.419355e+00  5.032258e+00  -3.567500e-03
5.419355e+00  5.225806e+00  -1.911757e-03
5.419355e+00  5.419355e+00  -4.908725e-04
5.419355e+00  5.612903e+00  6.959833e-04
5.419355e+00  5.806452e+00  1.648896e-03
5.419355e+00  6.000000e+00  2.368873e-03
5.612903e+00  0.000000e+00  -6.175566e-01
5.612903e+00  1.935484e-01  -5.083109e-01
5.612903e+00  3.870968e-01  -4.184350e-01
5.612903e+00  5.806452e-01  -3.445363e-01
5.612903e+00  7.741935e-01  -2.838133e-01
5.612903e+00  9.677419e-01  -2.339510e-01
5.612903e+00  1.161290e+00  -1.930353e-01
5.612903e+00  1.354839e+00  -1.594823e-01
5.612903e+00  1.548387e+00  -1.319810e-01
5.612903e+00  1.741935e+00  -1.094454e-01
5.612903e+00  1.935484e+00  -9.097594e-02
5.612903e+00  2.129032e+00  -7.582765e-02
5.612903e+00  2.322581e+00  -6.338396e-02
5.612903e+00  2.516129e+00  -5.313532e-02
5.612903e+00  2.709677e+00  -4.466169e-02
5.612903e+00  2.903226e+00  -3.761797e-02
5.612903e+00  3.096774e+00  -3.172209e-02
5.612903e+00  3.290323e+00  -2.674505e-02
5.612903e+00  3.483871e+00  -2.250254e-02
5.612903e+00  3.677419e+00  -1.884801e-02
5.612903e+00  3.870968e+00  -1.566658e-02
5.612903e+00  4.064516e+00  -1.286995e-02
5.612903e+00  4.258065e+00  -1.039189e-02
5.612903e+00  4.451613e+00  -8.184315e-03
5.612903e+00  4.645161e+00  -6.213772e-03
5.612903e+00  4.838710e+00  -4.458357e-03
5.612903e+00  5.032258e+00  -2.904936e-03
5.612903e+00  5.225806e+00  -1.546676e-03
5.612903e+00  5.419355e+00  -3.808698e-04
5.612903e+00  5.612903e+00  5.929779e-04
5.612903e+00  5.806452e+00  1.374781e-03
5.612903e+00  6.000000e+00  1.965241e-03
5.806452e+00  0.000000e+00  -4.558714e-01
5.806452e+00  1.935484e-01  -3.751786e-01
5.806452e+00  3.870968e-01  -3.088053e-01
5.806452e+00  5.806452e-01  -2.542451e-01
5.806452e+00  7.741935e-01  -2.094274e-01
5.806452e+00  9.677419e-01  -1.726406e-01
5.806452e+00  1.161290e+00  -1.424692e-01
5.806452e+00  1.354839e+00  -1.177412e-01
5.806452e+00  1.548387e+00  -9.748606e-02
5.806452e+00  1.741935e+00  -8.089927e-02
5.806452e+00  1.935484e+00  -6.731414e-02
5.806452e+00  2.129032e+00  -5.617815e-02
5.806452e+00  2.322581e+00  -4.703386e-02
5.806452e+00  2.516129e+00  -3.950309e-02
5.806452e+00  2.709677e+00  -3.327407e-02
5.806452e+00  2.903226e+00  -2.809074e-02
5.806452e+00  3.096774e+00  -2.374401e-02
5.806452e+00  3.290323e+00  -2.006439e-02
5.806452e+00  3.483871e+00  -1.691587e-02
5.806452e+00  3.677419e+00  -1.419071e-02
5.806452e+00  3.870968e+00  -1.180502e-02
5.806452e+00  4.064516e+00  -9.694910e-03
5.806452e+00  4.258065e+00  -7.813105e-03
5.806452e+00  4.451613e+00  -6.125995e-03
5.806452e+00  4.645161e+00  -4.610980e-03
5.806452e+00  4.838710e+00  -3.254096e-03
5.806452e+00  5.032258e+00  -2.047889e-03
5.806452e+00  5.225806e+00  -9.895048e-04
5.806452e+00  5.419355e+00  -7.899717e-05
5.806452e+00  5.612903e+00  6.821557e-04
5.806452e+00  5.806452e+00  1.292330e-03
5.806452e+00  6.000000e+00  1.750825e-03
6.000000e+00  0.000000e+00  -2.769367e-01
6.000000e+00  1.935484e-01  -2.278143e-01
6.000000e+00  3.870968e-01  -1.874349e-01
6.000000e+00  5.806452e-01  -1.542709e-01
6.000000e+00  7.741935e-01  -1.270594e-01
6.000000e+00  9.677419e-01  -1.047553e-01
6.000000e+00  1.161290e+00  -8.649302e-02
6.000000e+00  1.354839e+00  -7.155494e-02
6.000000e+00  1.548387e+00  -5.934556e-02
6.000000e+00  1.741935e+00  -4.937043e-02
6.000000e+00  1.935484e+00  -4.121892e-02
6.000000e+00  2.129032e+00  -3.455010e-02
6.000000e+00  2.322581e+00  -2.908124e-02
6.000000e+00  2.516129e+00  -2.457836e-02
6.000000e+00  2.709677e+00  -2.084853e-02
6.000000e+00  2.903226e+00  -1.773349e-02
6.000000e+00  3.096774e+00  -1.510438e-02
6.000000e+00  3.290323e+00  -1.285733e-02
6.000000e+00  3.483871e+00  -1.090978e-02
6.000000e+00  3.677419e+00  -9.197248e-03
6.000000e+00  3.870968e+00  -7.670650e-03
6.000000e+00  4.064516e+00  -6.293832e-03
6.000000e+00  4.258065e+00  -5.041449e-03
6.000000e+00  4.451613e+00  -3.897012e-03
6.000000e+00  4.645161e+00  -2.851134e-03
6.000000e+00  4.838710e+00  -1.899920e-03
6.000000e+00  5.032258e+00  -1.043500e-03
6.000000e+00  5.225806e+00  -2.846877e-04
6.000000e+00  5.419355e+00  3.722117e-04
6.000000e+00  5.612903e+00  9.224714e-04
6.000000e+00  5.806452e+00  1.361862e-03
6.000000e+00  6.000000e+00   1.687422e-03
