0.000000e+00  0.000000e+00  0.000000e+00  0.000000e+00
0.000000e+00  0.000000e+00  1.111111e-01  1.108826e-01
0.000000e+00  0.000000e+00  2.222222e-01  2.203977e-01
0.000000e+00  0.000000e+00  3.333333e-01  3.271947e-01
0.000000e+00  0.000000e+00  4.444444e-01  4.299564e-01
0.000000e+00  0.000000e+00  5.555556e-01  5.274154e-01
0.000000e+00  0.000000e+00  6.666667e-01  6.183698e-01
0.000000e+00  0.000000e+00  7.777778e-01  7.016979e-01
0.000000e+00  0.000000e+00  8.888889e-01  7.763719e-01
0.000000e+00  0.000000e+00  1.000000e+00  8.414710e-01
0.000000e+00  1.111111e-01  0.000000e+00  0.000000e+00
0.000000e+00  1.111111e-01  1.111111e-01  1.101989e-01
0.000000e+00  1.111111e-01  2.222222e-01  2.190387e-01
0.000000e+00  1.111111e-01  3.333333e-01  3.251771e-01
0.000000e+00  1.111111e-01  4.444444e-01  4.273050e-01
0.000000e+00  1.111111e-01  5.555556e-01  5.241631e-01
0.000000e+00  1.111111e-01  6.666667e-01  6.145566e-01
0.000000e+00  1.111111e-01  7.777778e-01  6.973709e-01
0.000000e+00  1.111111e-01  8.888889e-01  7.715844e-01
0.000000e+00  1.111111e-01  1.000000e+00  8.362821e-01
0.000000e+00  2.222222e-01  0.000000e+00  0.000000e+00
0.000000e+00  2.222222e-01  1.111111e-01  1.081560e-01
0.000000e+00  2.222222e-01  2.222222e-01  2.149782e-01
0.000000e+00  2.222222e-01  3.333333e-01  3.191490e-01
0.000000e+00  2.222222e-01  4.444444e-01  4.193838e-01
0.000000e+00  2.222222e-01  5.555556e-01  5.144463e-01
0.000000e+00  2.222222e-01  6.666667e-01  6.031641e-01
0.000000e+00  2.222222e-01  7.777778e-01  6.844432e-01
0.000000e+00  2.222222e-01  8.888889e-01  7.572810e-01
0.000000e+00  2.222222e-01  1.000000e+00  8.207793e-01
0.000000e+00  3.333333e-01  0.000000e+00  0.000000e+00
0.000000e+00  3.333333e-01  1.111111e-01  1.047793e-01
0.000000e+00  3.333333e-01  2.222222e-01  2.082664e-01
0.000000e+00  3.333333e-01  3.333333e-01  3.091849e-01
0.000000e+00  3.333333e-01  4.444444e-01  4.062903e-01
0.000000e+00  3.333333e-01  5.555556e-01  4.983848e-01
0.000000e+00  3.333333e-01  6.666667e-01  5.843328e-01
0.000000e+00  3.333333e-01  7.777778e-01  6.630743e-01
0.000000e+00  3.333333e-01  8.888889e-01  7.336380e-01
0.000000e+00  3.333333e-01  1.000000e+00  7.951539e-01
0.000000e+00  4.444444e-01  0.000000e+00  0.000000e+00
0.000000e+00  4.444444e-01  1.111111e-01  1.001103e-01
0.000000e+00  4.444444e-01  2.222222e-01  1.989860e-01
0.000000e+00  4.444444e-01  3.333333e-01  2.954076e-01
0.000000e+00  4.444444e-01  4.444444e-01  3.881860e-01
0.000000e+00  4.444444e-01  5.555556e-01  4.761768e-01
0.000000e+00  4.444444e-01  6.666667e-01  5.582950e-01
0.000000e+00  4.444444e-01  7.777778e-01  6.335277e-01
0.000000e+00  4.444444e-01  8.888889e-01  7.009471e-01
0.000000e+00  4.444444e-01  1.000000e+00  7.597218e-01
0.000000e+00  5.555556e-01  0.000000e+00  0.000000e+00
0.000000e+00  5.555556e-01  1.111111e-01  9.420672e-02
0.000000e+00  5.555556e-01  2.222222e-01  1.872516e-01
0.000000e+00  5.555556e-01  3.333333e-01  2.779871e-01
0.000000e+00  5.555556e-01  4.444444e-01  3.652942e-01
0.000000e+00  5.555556e-01  5.555556e-01  4.480961e-01
0.000000e+00  5.555556e-01  6.666667e-01  5.253717e-01
0.000000e+00  5.555556e-01  7.777778e-01  5.961678e-01
0.000000e+00  5.555556e-01  8.888889e-01  6.596115e-01
0.000000e+00  5.555556e-01  1.000000e+00  7.149201e-01
0.000000e+00  6.666667e-01  0.000000e+00  0.000000e+00
0.000000e+00  6.666667e-01  1.111111e-01  8.714125e-02
0.000000e+00  6.666667e-01  2.222222e-01  1.732078e-01
0.000000e+00  6.666667e-01  3.333333e-01  2.571381e-01
0.000000e+00  6.666667e-01  4.444444e-01  3.378972e-01
0.000000e+00  6.666667e-01  5.555556e-01  4.144890e-01
0.000000e+00  6.666667e-01  6.666667e-01  4.859690e-01
0.000000e+00  6.666667e-01  7.777778e-01  5.514554e-01
0.000000e+00  6.666667e-01  8.888889e-01  6.101408e-01
0.000000e+00  6.666667e-01  1.000000e+00  6.613013e-01
0.000000e+00  7.777778e-01  0.000000e+00  0.000000e+00
0.000000e+00  7.777778e-01  1.111111e-01  7.900106e-02
0.000000e+00  7.777778e-01  2.222222e-01  1.570278e-01
0.000000e+00  7.777778e-01  3.333333e-01  2.331179e-01
0.000000e+00  7.777778e-01  4.444444e-01  3.063330e-01
0.000000e+00  7.777778e-01  5.555556e-01  3.757701e-01
0.000000e+00  7.777778e-01  6.666667e-01  4.405728e-01
0.000000e+00  7.777778e-01  7.777778e-01  4.999419e-01
0.000000e+00  7.777778e-01  8.888889e-01  5.531453e-01
0.000000e+00  7.777778e-01  1.000000e+00  5.995267e-01
0.000000e+00  8.888889e-01  0.000000e+00  0.000000e+00
0.000000e+00  8.888889e-01  1.111111e-01  6.988655e-02
0.000000e+00  8.888889e-01  2.222222e-01  1.389112e-01
0.000000e+00  8.888889e-01  3.333333e-01  2.062227e-01
0.000000e+00  8.888889e-01  4.444444e-01  2.709908e-01
0.000000e+00  8.888889e-01  5.555556e-01  3.324168e-01
0.000000e+00  8.888889e-01  6.666667e-01  3.897431e-01
0.000000e+00  8.888889e-01  7.777778e-01  4.422627e-01
0.000000e+00  8.888889e-01  8.888889e-01  4.893279e-01
0.000000e+00  8.888889e-01  1.000000e+00  5.303582e-01
0.000000e+00  1.000000e+00  0.000000e+00  0.000000e+00
0.000000e+00  1.000000e+00  1.111111e-01  5.991014e-02
0.000000e+00  1.000000e+00  2.222222e-01  1.190814e-01
0.000000e+00  1.000000e+00  3.333333e-01  1.767840e-01
0.000000e+00  1.000000e+00  4.444444e-01  2.323064e-01
0.000000e+00  1.000000e+00  5.555556e-01  2.849637e-01
0.000000e+00  1.000000e+00  6.666667e-01  3.341066e-01
0.000000e+00  1.000000e+00  7.777778e-01  3.791290e-01
0.000000e+00  1.000000e+00  8.888889e-01  4.194755e-01
0.000000e+00  1.000000e+00  1.000000e+00  4.546487e-01
1.111111e-01  0.000000e+00  0.000000e+00  1.108826e-01
1.111111e-01  0.000000e+00  1.111111e-01  2.101048e-01
1.111111e-01  0.000000e+00  2.222222e-01  3.081032e-01
1.111111e-01  0.000000e+00  3.333333e-01  4.036693e-01
1.111111e-01  0.000000e+00  4.444444e-01  4.956245e-01
1.111111e-01  0.000000e+00  5.555556e-01  5.828347e-01
1.111111e-01  0.000000e+00  6.666667e-01  6.642242e-01
1.111111e-01  0.000000e+00  7.777778e-01  7.387895e-01
1.111111e-01  0.000000e+00  8.888889e-01  8.056107e-01
1.111111e-01  0.000000e+00  1.000000e+00  8.638639e-01
1.111111e-01  1.111111e-01  0.000000e+00  9.922214e-02
1.111111e-01  1.111111e-01  1.111111e-01  1.966225e-01
1.111111e-01  1.111111e-01  2.222222e-01  2.928216e-01
1.111111e-01  1.111111e-01  3.333333e-01  3.866331e-01
1.111111e-01  1.111111e-01  4.444444e-01  4.768999e-01
1.111111e-01  1.111111e-01  5.555556e-01  5.625088e-01
1.111111e-01  1.111111e-01  6.666667e-01  6.424041e-01
1.111111e-01  1.111111e-01  7.777778e-01  7.156002e-01
1.111111e-01  1.111111e-01  8.888889e-01  7.811946e-01
1.111111e-01  1.111111e-01  1.000000e+00  8.383783e-01
1.111111e-01  2.222222e-01  0.000000e+00  8.878787e-02
1.111111e-01  2.222222e-01  1.111111e-01  1.832097e-01
1.111111e-01  2.222222e-01  2.222222e-01  2.764671e-01
1.111111e-01  2.222222e-01  3.333333e-01  3.674098e-01
1.111111e-01  2.222222e-01  4.444444e-01  4.549162e-01
1.111111e-01  2.222222e-01  5.555556e-01  5.379072e-01
1.111111e-01  2.222222e-01  6.666667e-01  6.153592e-01
1.111111e-01  2.222222e-01  7.777778e-01  6.863171e-01
1.111111e-01  2.222222e-01  8.888889e-01  7.499056e-01
1.111111e-01  2.222222e-01  1.000000e+00  8.053405e-01
1.111111e-01  3.333333e-01  0.000000e+00  7.945088e-02
1.111111e-01  3.333333e-01  1.111111e-01  1.698024e-01
1.111111e-01  3.333333e-01  2.222222e-01  2.590397e-01
1.111111e-01  3.333333e-01  3.333333e-01  3.460621e-01
1.111111e-01  3.333333e-01  4.444444e-01  4.297963e-01
1.111111e-01  3.333333e-01  5.555556e-01  5.092098e-01
1.111111e-01  3.333333e-01  6.666667e-01  5.833230e-01
1.111111e-01  3.333333e-01  7.777778e-01  6.512221e-01
1.111111e-01  3.333333e-01  8.888889e-01  7.120694e-01
1.111111e-01  3.333333e-01  1.000000e+00  7.651147e-01
1.111111e-01  4.444444e-01  0.000000e+00  7.109577e-02
1.111111e-01  4.444444e-01  1.111111e-01  1.563621e-01
1.111111e-01  4.444444e-01  2.222222e-01  2.405768e-01
1.111111e-01  4.444444e-01  3.333333e-01  3.227013e-01
1.111111e-01  4.444444e-01  4.444444e-01  4.017227e-01
1.111111e-01  4.444444e-01  5.555556e-01  4.766665e-01
1.111111e-01  4.444444e-01  6.666667e-01  5.466085e-01
1.111111e-01  4.444444e-01  7.777778e-01  6.106859e-01
1.111111e-01  4.444444e-01  8.888889e-01  6.681086e-01
1.111111e-01  4.444444e-01  1.000000e+00  7.181684e-01
1.111111e-01  5.555556e-01  0.000000e+00  6.361929e-02
1.111111e-01  5.555556e-01  1.111111e-01  1.428728e-01
1.111111e-01  5.555556e-01  2.222222e-01  2.211489e-01
1.111111e-01  5.555556e-01  3.333333e-01  2.974822e-01
1.111111e-01  5.555556e-01  4.444444e-01  3.709313e-01
1.111111e-01  5.555556e-01  5.555556e-01  4.405903e-01
1.111111e-01  5.555556e-01  6.666667e-01  5.056001e-01
1.111111e-01  5.555556e-01  7.777778e-01  5.651590e-01
1.111111e-01  5.555556e-01  8.888889e-01  6.185323e-01
1.111111e-01  5.555556e-01  1.000000e+00  6.650620e-01
1.111111e-01  6.666667e-01  0.000000e+00  5.692904e-02
1.111111e-01  6.666667e-01  1.111111e-01  1.293391e-01
1.111111e-01  6.666667e-01  2.222222e-01  2.008561e-01
1.111111e-01  6.666667e-01  3.333333e-01  2.705981e-01
1.111111e-01  6.666667e-01  4.444444e-01  3.377049e-01
1.111111e-01  6.666667e-01  5.555556e-01  4.013489e-01
1.111111e-01  6.666667e-01  6.666667e-01  4.607451e-01
1.111111e-01  6.666667e-01  7.777778e-01  5.151611e-01
1.111111e-01  6.666667e-01  8.888889e-01  5.639258e-01
1.111111e-01  6.666667e-01  1.000000e+00  6.064376e-01
1.111111e-01  7.777778e-01  0.000000e+00  5.094234e-02
1.111111e-01  7.777778e-01  1.111111e-01  1.157828e-01
1.111111e-01  7.777778e-01  2.222222e-01  1.798237e-01
1.111111e-01  7.777778e-01  3.333333e-01  2.422750e-01
1.111111e-01  7.777778e-01  4.444444e-01  3.023666e-01
1.111111e-01  7.777778e-01  5.555556e-01  3.593574e-01
1.111111e-01  7.777778e-01  6.666667e-01  4.125446e-01
1.111111e-01  7.777778e-01  7.777778e-01  4.612721e-01
1.111111e-01  7.777778e-01  8.888889e-01  5.049390e-01
1.111111e-01  7.777778e-01  1.000000e+00  5.430068e-01
1.111111e-01  8.888889e-01  0.000000e+00  4.558521e-02
1.111111e-01  8.888889e-01  1.111111e-01  1.022411e-01
1.111111e-01  8.888889e-01  2.222222e-01  1.581983e-01
1.111111e-01  8.888889e-01  3.333333e-01  2.127667e-01
1.111111e-01  8.888889e-01  4.444444e-01  2.652732e-01
1.111111e-01  8.888889e-01  5.555556e-01  3.150703e-01
1.111111e-01  8.888889e-01  6.666667e-01  3.615438e-01
1.111111e-01  8.888889e-01  7.777778e-01  4.041206e-01
1.111111e-01  8.888889e-01  8.888889e-01  4.422756e-01
1.111111e-01  8.888889e-01  1.000000e+00  4.755383e-01
1.111111e-01  1.000000e+00  0.000000e+00  4.079144e-02
1.111111e-01  1.000000e+00  1.111111e-01  8.876373e-02
1.111111e-01  1.000000e+00  2.222222e-01  1.361444e-01
1.111111e-01  1.000000e+00  3.333333e-01  1.823490e-01
1.111111e-01  1.000000e+00  4.444444e-01  2.268079e-01
1.111111e-01  1.000000e+00  5.555556e-01  2.689726e-01
1.111111e-01  1.000000e+00  6.666667e-01  3.083231e-01
1.111111e-01  1.000000e+00  7.777778e-01  3.443742e-01
1.111111e-01  1.000000e+00  8.888889e-01  3.766812e-01
1.111111e-01  1.000000e+00  1.000000e+00  4.048457e-01
2.222222e-01  0.000000e+00  0.000000e+00  2.203977e-01
2.222222e-01  0.000000e+00  1.111111e-01  3.091856e-01
2.222222e-01  0.000000e+00  2.222222e-01  3.968785e-01
2.222222e-01  0.000000e+00  3.333333e-01  4.823948e-01
2.222222e-01  0.000000e+00  4.444444e-01  5.646799e-01
2.222222e-01  0.000000e+00  5.555556e-01  6.427190e-01
2.222222e-01  0.000000e+00  6.666667e-01  7.155496e-01
2.222222e-01  0.000000e+00  7.777778e-01  7.822735e-01
2.222222e-01  0.000000e+00  8.888889e-01  8.420678e-01
2.222222e-01  0.000000e+00  1.000000e+00  8.941950e-01
2.222222e-01  1.111111e-01  0.000000e+00  1.972206e-01
2.222222e-01  1.111111e-01  1.111111e-01  2.833088e-01
2.222222e-01  1.111111e-01  2.222222e-01  3.683354e-01
2.222222e-01  1.111111e-01  3.333333e-01  4.512515e-01
2.222222e-01  1.111111e-01  4.444444e-01  5.310348e-01
2.222222e-01  1.111111e-01  5.555556e-01  6.067011e-01
2.222222e-01  1.111111e-01  6.666667e-01  6.773172e-01
2.222222e-01  1.111111e-01  7.777778e-01  7.420124e-01
2.222222e-01  1.111111e-01  8.888889e-01  7.999887e-01
2.222222e-01  1.111111e-01  1.000000e+00  8.505310e-01
2.222222e-01  2.222222e-01  0.000000e+00  1.764807e-01
2.222222e-01  2.222222e-01  1.111111e-01  2.589124e-01
2.222222e-01  2.222222e-01  2.222222e-01  3.403275e-01
2.222222e-01  2.222222e-01  3.333333e-01  4.197218e-01
2.222222e-01  2.222222e-01  4.444444e-01  4.961163e-01
2.222222e-01  2.222222e-01  5.555556e-01  5.685687e-01
2.222222e-01  2.222222e-01  6.666667e-01  6.361855e-01
2.222222e-01  2.222222e-01  7.777778e-01  6.981327e-01
2.222222e-01  2.222222e-01  8.888889e-01  7.536464e-01
2.222222e-01  2.222222e-01  1.000000e+00  8.020420e-01
2.222222e-01  3.333333e-01  0.000000e+00  1.579219e-01
2.222222e-01  3.333333e-01  1.111111e-01  2.358323e-01
2.222222e-01  3.333333e-01  2.222222e-01  3.127819e-01
2.222222e-01  3.333333e-01  3.333333e-01  3.878216e-01
2.222222e-01  3.333333e-01  4.444444e-01  4.600259e-01
2.222222e-01  3.333333e-01  5.555556e-01  5.285044e-01
2.222222e-01  3.333333e-01  6.666667e-01  5.924125e-01
2.222222e-01  3.333333e-01  7.777778e-01  6.509621e-01
2.222222e-01  3.333333e-01  8.888889e-01  7.034310e-01
2.222222e-01  3.333333e-01  1.000000e+00  7.491721e-01
2.222222e-01  4.444444e-01  0.000000e+00  1.413147e-01
2.222222e-01  4.444444e-01  1.111111e-01  2.139380e-01
2.222222e-01  4.444444e-01  2.222222e-01  2.856656e-01
2.222222e-01  4.444444e-01  3.333333e-01  3.556129e-01
2.222222e-01  4.444444e-01  4.444444e-01  4.229173e-01
2.222222e-01  4.444444e-01  5.555556e-01  4.867487e-01
2.222222e-01  4.444444e-01  6.666667e-01  5.463199e-01
2.222222e-01  4.444444e-01  7.777778e-01  6.008961e-01
2.222222e-01  4.444444e-01  8.888889e-01  6.498043e-01
2.222222e-01  4.444444e-01  1.000000e+00  6.924414e-01
2.222222e-01  5.555556e-01  0.000000e+00  1.264540e-01
2.222222e-01  5.555556e-01  1.111111e-01  1.931278e-01
2.222222e-01  5.555556e-01  2.222222e-01  2.589793e-01
2.222222e-01  5.555556e-01  3.333333e-01  3.231964e-01
2.222222e-01  5.555556e-01  4.444444e-01  3.849871e-01
2.222222e-01  5.555556e-01  5.555556e-01  4.435893e-01
2.222222e-01  5.555556e-01  6.666667e-01  4.982803e-01
2.222222e-01  5.555556e-01  7.777778e-01  5.483856e-01
2.222222e-01  5.555556e-01  8.888889e-01  5.932871e-01
2.222222e-01  5.555556e-01  1.000000e+00  6.324313e-01
2.222222e-01  6.666667e-01  0.000000e+00  1.131560e-01
2.222222e-01  6.666667e-01  1.111111e-01  1.733251e-01
2.222222e-01  6.666667e-01  2.222222e-01  2.327522e-01
2.222222e-01  6.666667e-01  3.333333e-01  2.907043e-01
2.222222e-01  6.666667e-01  4.444444e-01  3.464668e-01
2.222222e-01  6.666667e-01  5.555556e-01  3.993518e-01
2.222222e-01  6.666667e-01  6.666667e-01  4.487071e-01
2.222222e-01  6.666667e-01  7.777778e-01  4.939241e-01
2.222222e-01  6.666667e-01  8.888889e-01  5.344451e-01
2.222222e-01  6.666667e-01  1.000000e+00  5.697704e-01
2.222222e-01  7.777778e-01  0.000000e+00  1.012564e-01
2.222222e-01  7.777778e-01  1.111111e-01  1.544746e-01
2.222222e-01  7.777778e-01  2.222222e-01  2.070364e-01
2.222222e-01  7.777778e-01  3.333333e-01  2.582936e-01
2.222222e-01  7.777778e-01  4.444444e-01  3.076141e-01
2.222222e-01  7.777778e-01  5.555556e-01  3.543896e-01
2.222222e-01  7.777778e-01  6.666667e-01  3.980432e-01
2.222222e-01  7.777778e-01  7.777778e-01  4.380365e-01
2.222222e-01  7.777778e-01  8.888889e-01  4.738764e-01
2.222222e-01  7.777778e-01  1.000000e+00  5.051207e-01
2.222222e-01  8.888889e-01  0.000000e+00  9.060822e-02
2.222222e-01  8.888889e-01  1.111111e-01  1.365383e-01
2.222222e-01  8.888889e-01  2.222222e-01  1.819019e-01
2.222222e-01  8.888889e-01  3.333333e-01  2.261396e-01
2.222222e-01  8.888889e-01  4.444444e-01  2.687058e-01
2.222222e-01  8.888889e-01  5.555556e-01  3.090755e-01
2.222222e-01  8.888889e-01  6.666667e-01  3.467509e-01
2.222222e-01  8.888889e-01  7.777778e-01  3.812673e-01
2.222222e-01  8.888889e-01  8.888889e-01  4.121989e-01
2.222222e-01  8.888889e-01  1.000000e+00  4.391644e-01
2.222222e-01  1.000000e+00  0.000000e+00  8.107980e-02
2.222222e-01  1.000000e+00  1.111111e-01  1.194930e-01
2.222222e-01  1.000000e+00  2.222222e-01  1.574325e-01
2.222222e-01  1.000000e+00  3.333333e-01  1.944303e-01
2.222222e-01  1.000000e+00  4.444444e-01  2.300301e-01
2.222222e-01  1.000000e+00  5.555556e-01  2.637930e-01
2.222222e-01  1.000000e+00  6.666667e-01  2.953024e-01
2.222222e-01  1.000000e+00  7.777778e-01  3.241699e-01
2.222222e-01  1.000000e+00  8.888889e-01  3.500393e-01
2.222222e-01  1.000000e+00  1.000000e+00  3.725916e-01
3.333333e-01  0.000000e+00  0.000000e+00  3.271947e-01
3.333333e-01  0.000000e+00  1.111111e-01  4.066456e-01
3.333333e-01  0.000000e+00  2.222222e-01  4.851166e-01
3.333333e-01  0.000000e+00  3.333333e-01  5.616399e-01
3.333333e-01  0.000000e+00  4.444444e-01  6.352719e-01
3.333333e-01  0.000000e+00  5.555556e-01  7.051043e-01
3.333333e-01  0.000000e+00  6.666667e-01  7.702760e-01
3.333333e-01  0.000000e+00  7.777778e-01  8.299832e-01
3.333333e-01  0.000000e+00  8.888889e-01  8.834895e-01
3.333333e-01  0.000000e+00  1.000000e+00  9.301350e-01
3.333333e-01  1.111111e-01  0.000000e+00  2.927867e-01
3.333333e-01  1.111111e-01  1.111111e-01  3.688766e-01
3.333333e-01  1.111111e-01  2.222222e-01  4.440282e-01
3.333333e-01  1.111111e-01  3.333333e-01  5.173145e-01
3.333333e-01  1.111111e-01  4.444444e-01  5.878316e-01
3.333333e-01  1.111111e-01  5.555556e-01  6.547100e-01
3.333333e-01  1.111111e-01  6.666667e-01  7.171249e-01
3.333333e-01  1.111111e-01  7.777778e-01  7.743063e-01
3.333333e-01  1.111111e-01  8.888889e-01  8.255492e-01
3.333333e-01  1.111111e-01  1.000000e+00  8.702215e-01
3.333333e-01  2.222222e-01  0.000000e+00  2.619970e-01
3.333333e-01  2.222222e-01  1.111111e-01  3.339611e-01
3.333333e-01  2.222222e-01  2.222222e-01  4.050377e-01
3.333333e-01  2.222222e-01  3.333333e-01  4.743502e-01
3.333333e-01  2.222222e-01  4.444444e-01  5.410437e-01
3.333333e-01  2.222222e-01  5.555556e-01  6.042957e-01
3.333333e-01  2.222222e-01  6.666667e-01  6.633262e-01
3.333333e-01  2.222222e-01  7.777778e-01  7.174071e-01
3.333333e-01  2.222222e-01  8.888889e-01  7.658714e-01
3.333333e-01  2.222222e-01  1.000000e+00  8.081215e-01
3.333333e-01  3.333333e-01  0.000000e+00  2.344452e-01
3.333333e-01  3.333333e-01  1.111111e-01  3.016277e-01
3.333333e-01  3.333333e-01  2.222222e-01  3.679816e-01
3.333333e-01  3.333333e-01  3.333333e-01  4.326885e-01
3.333333e-01  3.333333e-01  4.444444e-01  4.949506e-01
3.333333e-01  3.333333e-01  5.555556e-01  5.539998e-01
3.333333e-01  3.333333e-01  6.666667e-01  6.091080e-01
3.333333e-01  3.333333e-01  7.777778e-01  6.595955e-01
3.333333e-01  3.333333e-01  8.888889e-01  7.048396e-01
3.333333e-01  3.333333e-01  1.000000e+00  7.442823e-01
3.333333e-01  4.444444e-01  0.000000e+00  2.097908e-01
3.333333e-01  4.444444e-01  1.111111e-01  2.716457e-01
3.333333e-01  4.444444e-01  2.222222e-01  3.327378e-01
3.333333e-01  4.444444e-01  3.333333e-01  3.923135e-01
3.333333e-01  4.444444e-01  4.444444e-01  4.496383e-01
3.333333e-01  4.444444e-01  5.555556e-01  5.040049e-01
3.333333e-01  4.444444e-01  6.666667e-01  5.547431e-01
3.333333e-01  4.444444e-01  7.777778e-01  6.012269e-01
3.333333e-01  4.444444e-01  8.888889e-01  6.428832e-01
3.333333e-01  4.444444e-01  1.000000e+00  6.791981e-01
3.333333e-01  5.555556e-01  0.000000e+00  1.877291e-01
3.333333e-01  5.555556e-01  1.111111e-01  2.438199e-01
3.333333e-01  5.555556e-01  2.222222e-01  2.992190e-01
3.333333e-01  5.555556e-01  3.333333e-01  3.532431e-01
3.333333e-01  5.555556e-01  4.444444e-01  4.052260e-01
3.333333e-01  5.555556e-01  5.555556e-01  4.545264e-01
3.333333e-01  5.555556e-01  6.666667e-01  5.005364e-01
3.333333e-01  5.555556e-01  7.777778e-01  5.426886e-01
3.333333e-01  5.555556e-01  8.888889e-01  5.804630e-01
3.333333e-01  5.555556e-01  1.000000e+00  6.133939e-01
3.333333e-01  6.666667e-01  0.000000e+00  1.679874e-01
3.333333e-01  6.666667e-01  1.111111e-01  2.179849e-01
3.333333e-01  6.666667e-01  2.222222e-01  2.673659e-01
3.333333e-01  6.666667e-01  3.333333e-01  3.155212e-01
3.333333e-01  6.666667e-01  4.444444e-01  3.618570e-01
3.333333e-01  6.666667e-01  5.555556e-01  4.058019e-01
3.333333e-01  6.666667e-01  6.666667e-01  4.468137e-01
3.333333e-01  6.666667e-01  7.777778e-01  4.843868e-01
3.333333e-01  6.666667e-01  8.888889e-01  5.180577e-01
3.333333e-01  6.666667e-01  1.000000e+00  5.474113e-01
3.333333e-01  7.777778e-01  0.000000e+00  1.503217e-01
3.333333e-01  7.777778e-01  1.111111e-01  1.940007e-01
3.333333e-01  7.777778e-01  2.222222e-01  2.371411e-01
3.333333e-01  7.777778e-01  3.333333e-01  2.792107e-01
3.333333e-01  7.777778e-01  4.444444e-01  3.196908e-01
3.333333e-01  7.777778e-01  5.555556e-01  3.580820e-01
3.333333e-01  7.777778e-01  6.666667e-01  3.939109e-01
3.333333e-01  7.777778e-01  7.777778e-01  4.267356e-01
3.333333e-01  7.777778e-01  8.888889e-01  4.561513e-01
3.333333e-01  7.777778e-01  1.000000e+00  4.817952e-01
3.333333e-01  8.888889e-01  0.000000e+00  1.345138e-01
3.333333e-01  8.888889e-01  1.111111e-01  1.717486e-01
3.333333e-01  8.888889e-01  2.222222e-01  2.085241e-01
3.333333e-01  8.888889e-01  3.333333e-01  2.443869e-01
3.333333e-01  8.888889e-01  4.444444e-01  2.788947e-01
3.333333e-01  8.888889e-01  5.555556e-01  3.116218e-01
3.333333e-01  8.888889e-01  6.666667e-01  3.421646e-01
3.333333e-01  8.888889e-01  7.777778e-01  3.701465e-01
3.333333e-01  8.888889e-01  8.888889e-01  3.952223e-01
3.333333e-01  8.888889e-01  1.000000e+00  4.170828e-01
3.333333e-01  1.000000e+00  0.000000e+00  1.203682e-01
3.333333e-01  1.000000e+00  1.111111e-01  1.511271e-01
3.333333e-01  1.000000e+00  2.222222e-01  1.815066e-01
3.333333e-01  1.000000e+00  3.333333e-01  2.111322e-01
3.333333e-01  1.000000e+00  4.444444e-01  2.396383e-01
3.333333e-01  1.000000e+00  5.555556e-01  2.666735e-01
3.333333e-01  1.000000e+00  6.666667e-01  2.919043e-01
3.333333e-01  1.000000e+00  7.777778e-01  3.150195e-01
3.333333e-01  1.000000e+00  8.888889e-01  3.357341e-01
3.333333e-01  1.000000e+00  1.000000e+00  3.537926e-01
4.444444e-01  0.000000e+00  0.000000e+00  4.299564e-01
4.444444e-01  0.000000e+00  1.111111e-01  5.010521e-01
4.444444e-01  0.000000e+00  2.222222e-01  5.712711e-01
4.444444e-01  0.000000e+00  3.333333e-01  6.397472e-01
4.444444e-01  0.000000e+00  4.444444e-01  7.056360e-01
4.444444e-01  0.000000e+00  5.555556e-01  7.681248e-01
4.444444e-01  0.000000e+00  6.666667e-01  8.264430e-01
4.444444e-01  0.000000e+00  7.777778e-01  8.798713e-01
4.444444e-01  0.000000e+00  8.888889e-01  9.277508e-01
4.444444e-01  0.000000e+00  1.000000e+00  9.694911e-01
4.444444e-01  1.111111e-01  0.000000e+00  3.847419e-01
4.444444e-01  1.111111e-01  1.111111e-01  4.519947e-01
4.444444e-01  1.111111e-01  2.222222e-01  5.184181e-01
4.444444e-01  1.111111e-01  3.333333e-01  5.831929e-01
4.444444e-01  1.111111e-01  4.444444e-01  6.455203e-01
4.444444e-01  1.111111e-01  5.555556e-01  7.046314e-01
4.444444e-01  1.111111e-01  6.666667e-01  7.597973e-01
4.444444e-01  1.111111e-01  7.777778e-01  8.103377e-01
4.444444e-01  1.111111e-01  8.888889e-01  8.556292e-01
4.444444e-01  1.111111e-01  1.000000e+00  8.951133e-01
4.444444e-01  2.222222e-01  0.000000e+00  3.442821e-01
4.444444e-01  2.222222e-01  1.111111e-01  4.071079e-01
4.444444e-01  2.222222e-01  2.222222e-01  4.691588e-01
4.444444e-01  2.222222e-01  3.333333e-01  5.296696e-01
4.444444e-01  2.222222e-01  4.444444e-01  5.878941e-01
4.444444e-01  2.222222e-01  5.555556e-01  6.431141e-01
4.444444e-01  2.222222e-01  6.666667e-01  6.946486e-01
4.444444e-01  2.222222e-01  7.777778e-01  7.418620e-01
4.444444e-01  2.222222e-01  8.888889e-01  7.841721e-01
4.444444e-01  2.222222e-01  1.000000e+00  8.210570e-01
4.444444e-01  3.333333e-01  0.000000e+00  3.080772e-01
4.444444e-01  3.333333e-01  1.111111e-01  3.660088e-01
4.444444e-01  3.333333e-01  2.222222e-01  4.232260e-01
4.444444e-01  3.333333e-01  3.333333e-01  4.790231e-01
4.444444e-01  3.333333e-01  4.444444e-01  5.327118e-01
4.444444e-01  3.333333e-01  5.555556e-01  5.836302e-01
4.444444e-01  3.333333e-01  6.666667e-01  6.311502e-01
4.444444e-01  3.333333e-01  7.777778e-01  6.746857e-01
4.444444e-01  3.333333e-01  8.888889e-01  7.136998e-01
4.444444e-01  3.333333e-01  1.000000e+00  7.477114e-01
4.444444e-01  4.444444e-01  0.000000e+00  2.756796e-01
4.444444e-01  4.444444e-01  1.111111e-01  3.283628e-01
4.444444e-01  4.444444e-01  2.222222e-01  3.803964e-01
4.444444e-01  4.444444e-01  3.333333e-01  4.311384e-01
4.444444e-01  4.444444e-01  4.444444e-01  4.799632e-01
4.444444e-01  4.444444e-01  5.555556e-01  5.262685e-01
4.444444e-01  4.444444e-01  6.666667e-01  5.694834e-01
4.444444e-01  4.444444e-01  7.777778e-01  6.090747e-01
4.444444e-01  4.444444e-01  8.888889e-01  6.445543e-01
4.444444e-01  4.444444e-01  1.000000e+00  6.754846e-01
4.444444e-01  5.555556e-01  0.000000e+00  2.466889e-01
4.444444e-01  5.555556e-01  1.111111e-01  2.938766e-01
4.444444e-01  5.555556e-01  2.222222e-01  3.404824e-01
4.444444e-01  5.555556e-01  3.333333e-01  3.859314e-01
4.444444e-01  5.555556e-01  4.444444e-01  4.296631e-01
4.444444e-01  5.555556e-01  5.555556e-01  4.711382e-01
4.444444e-01  5.555556e-01  6.666667e-01  5.098452e-01
4.444444e-01  5.555556e-01  7.777778e-01  5.453066e-01
4.444444e-01  5.555556e-01  8.888889e-01  5.770853e-01
4.444444e-01  5.555556e-01  1.000000e+00  6.047891e-01
4.444444e-01  6.666667e-01  0.000000e+00  2.207470e-01
4.444444e-01  6.666667e-01  1.111111e-01  2.622925e-01
4.444444e-01  6.666667e-01  2.222222e-01  3.033256e-01
4.444444e-01  6.666667e-01  3.333333e-01  3.433403e-01
4.444444e-01  6.666667e-01  4.444444e-01  3.818431e-01
4.444444e-01  6.666667e-01  5.555556e-01  4.183590e-01
4.444444e-01  6.666667e-01  6.666667e-01  4.524378e-01
4.444444e-01  6.666667e-01  7.777778e-01  4.836592e-01
4.444444e-01  6.666667e-01  8.888889e-01  5.116381e-01
4.444444e-01  6.666667e-01  1.000000e+00  5.360294e-01
4.444444e-01  7.777778e-01  0.000000e+00  1.975331e-01
4.444444e-01  7.777778e-01  1.111111e-01  2.333828e-01
4.444444e-01  7.777778e-01  2.222222e-01  2.687905e-01
4.444444e-01  7.777778e-01  3.333333e-01  3.033193e-01
4.444444e-01  7.777778e-01  4.444444e-01  3.365435e-01
4.444444e-01  7.777778e-01  5.555556e-01  3.680533e-01
4.444444e-01  7.777778e-01  6.666667e-01  3.974600e-01
4.444444e-01  7.777778e-01  7.777778e-01  4.244011e-01
4.444444e-01  7.777778e-01  8.888889e-01  4.485442e-01
4.444444e-01  7.777778e-01  1.000000e+00  4.695916e-01
4.444444e-01  8.888889e-01  0.000000e+00  1.767603e-01
4.444444e-01  8.888889e-01  1.111111e-01  2.069460e-01
4.444444e-01  8.888889e-01  2.222222e-01  2.367594e-01
4.444444e-01  8.888889e-01  3.333333e-01  2.658328e-01
4.444444e-01  8.888889e-01  4.444444e-01  2.938077e-01
4.444444e-01  8.888889e-01  5.555556e-01  3.203390e-01
4.444444e-01  8.888889e-01  6.666667e-01  3.450996e-01
4.444444e-01  8.888889e-01  7.777778e-01  3.677841e-01
4.444444e-01  8.888889e-01  8.888889e-01  3.881127e-01
4.444444e-01  8.888889e-01  1.000000e+00  4.058346e-01
4.444444e-01  1.000000e+00  0.000000e+00  1.581721e-01
4.444444e-01  1.000000e+00  1.111111e-01  1.828019e-01
4.444444e-01  1.000000e+00  2.222222e-01  2.071279e-01
4.444444e-01  1.000000e+00  3.333333e-01  2.308502e-01
4.444444e-01  1.000000e+00  4.444444e-01  2.536761e-01
4.444444e-01  1.000000e+00  5.555556e-01  2.753242e-01
4.444444e-01  1.000000e+00  6.666667e-01  2.955274e-01
4.444444e-01  1.000000e+00  7.777778e-01  3.140367e-01
4.444444e-01  1.000000e+00  8.888889e-01  3.306237e-01
4.444444e-01  1.000000e+00  1.000000e+00  3.450838e-01
5.555556e-01  0.000000e+00  0.000000e+00  5.274154e-01
5.555556e-01  0.000000e+00  1.111111e-01  5.910347e-01
5.555556e-01  0.000000e+00  2.222222e-01  6.538693e-01
5.555556e-01  0.000000e+00  3.333333e-01  7.151445e-01
5.555556e-01  0.000000e+00  4.444444e-01  7.741043e-01
5.555556e-01  0.000000e+00  5.555556e-01  8.300218e-01
5.555556e-01  0.000000e+00  6.666667e-01  8.822072e-01
5.555556e-01  0.000000e+00  7.777778e-01  9.300169e-01
5.555556e-01  0.000000e+00  8.888889e-01  9.728614e-01
5.555556e-01  0.000000e+00  1.000000e+00  1.010212e+00
5.555556e-01  1.111111e-01  0.000000e+00  4.719520e-01
5.555556e-01  1.111111e-01  1.111111e-01  5.313941e-01
5.555556e-01  1.111111e-01  2.222222e-01  5.901031e-01
5.555556e-01  1.111111e-01  3.333333e-01  6.473550e-01
5.555556e-01  1.111111e-01  4.444444e-01  7.024436e-01
5.555556e-01  1.111111e-01  5.555556e-01  7.546895e-01
5.555556e-01  1.111111e-01  6.666667e-01  8.034485e-01
5.555556e-01  1.111111e-01  7.777778e-01  8.481191e-01
5.555556e-01  1.111111e-01  8.888889e-01  8.881505e-01
5.555556e-01  1.111111e-01  1.000000e+00  9.230488e-01
5.555556e-01  2.222222e-01  0.000000e+00  4.223212e-01
5.555556e-01  2.222222e-01  1.111111e-01  4.771691e-01
5.555556e-01  2.222222e-01  2.222222e-01  5.313404e-01
5.555556e-01  2.222222e-01  3.333333e-01  5.841673e-01
5.555556e-01  2.222222e-01  4.444444e-01  6.349981e-01
5.555556e-01  2.222222e-01  5.555556e-01  6.832060e-01
5.555556e-01  2.222222e-01  6.666667e-01  7.281964e-01
5.555556e-01  2.222222e-01  7.777778e-01  7.694144e-01
5.555556e-01  2.222222e-01  8.888889e-01  8.063518e-01
5.555556e-01  2.222222e-01  1.000000e+00  8.385528e-01
5.555556e-01  3.333333e-01  0.000000e+00  3.779096e-01
5.555556e-01  3.333333e-01  1.111111e-01  4.278643e-01
5.555556e-01  3.333333e-01  2.222222e-01  4.772028e-01
5.555556e-01  3.333333e-01  3.333333e-01  5.253168e-01
5.555556e-01  3.333333e-01  4.444444e-01  5.716128e-01
5.555556e-01  3.333333e-01  5.555556e-01  6.155199e-01
5.555556e-01  3.333333e-01  6.666667e-01  6.564965e-01
5.555556e-01  3.333333e-01  7.777778e-01  6.940373e-01
5.555556e-01  3.333333e-01  8.888889e-01  7.276794e-01
5.555556e-01  3.333333e-01  1.000000e+00  7.570077e-01
5.555556e-01  4.444444e-01  0.000000e+00  3.381684e-01
5.555556e-01  4.444444e-01  1.111111e-01  3.830399e-01
5.555556e-01  4.444444e-01  2.222222e-01  4.273581e-01
5.555556e-01  4.444444e-01  3.333333e-01  4.705763e-01
5.555556e-01  4.444444e-01  4.444444e-01  5.121615e-01
5.555556e-01  4.444444e-01  5.555556e-01  5.516008e-01
5.555556e-01  4.444444e-01  6.666667e-01  5.884079e-01
5.555556e-01  4.444444e-01  7.777778e-01  6.221287e-01
5.555556e-01  4.444444e-01  8.888889e-01  6.523475e-01
5.555556e-01  4.444444e-01  1.000000e+00  6.786916e-01
5.555556e-01  5.555556e-01  0.000000e+00  3.026064e-01
5.555556e-01  5.555556e-01  1.111111e-01  3.423041e-01
5.555556e-01  5.555556e-01  2.222222e-01  3.815122e-01
5.555556e-01  5.555556e-01  3.333333e-01  4.197472e-01
5.555556e-01  5.555556e-01  4.444444e-01  4.565375e-01
5.555556e-01  5.555556e-01  5.555556e-01  4.914294e-01
5.555556e-01  5.555556e-01  6.666667e-01  5.239925e-01
5.555556e-01  5.555556e-01  7.777778e-01  5.538253e-01
5.555556e-01  5.555556e-01  8.888889e-01  5.805598e-01
5.555556e-01  5.555556e-01  1.000000e+00  6.038663e-01
5.555556e-01  6.666667e-01  0.000000e+00  2.707841e-01
5.555556e-01  6.666667e-01  1.111111e-01  3.053063e-01
5.555556e-01  6.666667e-01  2.222222e-01  3.394028e-01
5.555556e-01  6.666667e-01  3.333333e-01  3.726531e-01
5.555556e-01  6.666667e-01  4.444444e-01  4.046470e-01
5.555556e-01  6.666667e-01  5.555556e-01  4.349899e-01
5.555556e-01  6.666667e-01  6.666667e-01  4.633077e-01
5.555556e-01  6.666667e-01  7.777778e-01  4.892511e-01
5.555556e-01  6.666667e-01  8.888889e-01  5.125002e-01
5.555556e-01  6.666667e-01  1.000000e+00  5.327682e-01
5.555556e-01  7.777778e-01  0.000000e+00  2.423082e-01
5.555556e-01  7.777778e-01  1.111111e-01  2.717321e-01
5.555556e-01  7.777778e-01  2.222222e-01  3.007931e-01
5.555556e-01  7.777778e-01  3.333333e-01  3.291329e-01
5.555556e-01  7.777778e-01  4.444444e-01  3.564018e-01
5.555556e-01  7.777778e-01  5.555556e-01  3.822636e-01
5.555556e-01  7.777778e-01  6.666667e-01  4.063993e-01
5.555556e-01  7.777778e-01  7.777778e-01  4.285113e-01
5.555556e-01  7.777778e-01  8.888889e-01  4.483268e-01
5.555556e-01  7.777778e-01  1.000000e+00  4.656016e-01
5.555556e-01  8.888889e-01  0.000000e+00  2.168269e-01
5.555556e-01  8.888889e-01  1.111111e-01  2.412980e-01
5.555556e-01  8.888889e-01  2.222222e-01  2.654672e-01
5.555556e-01  8.888889e-01  3.333333e-01  2.890366e-01
5.555556e-01  8.888889e-01  4.444444e-01  3.117154e-01
5.555556e-01  8.888889e-01  5.555556e-01  3.332239e-01
5.555556e-01  8.888889e-01  6.666667e-01  3.532970e-01
5.555556e-01  8.888889e-01  7.777778e-01  3.716869e-01
5.555556e-01  8.888889e-01  8.888889e-01  3.881670e-01
5.555556e-01  8.888889e-01  1.000000e+00  4.025339e-01
5.555556e-01  1.000000e+00  0.000000e+00  1.940253e-01
5.555556e-01  1.000000e+00  1.111111e-01  2.137473e-01
5.555556e-01  1.000000e+00  2.222222e-01  2.332260e-01
5.555556e-01  1.000000e+00  3.333333e-01  2.522213e-01
5.555556e-01  1.000000e+00  4.444444e-01  2.704989e-01
5.555556e-01  1.000000e+00  5.555556e-01  2.878333e-01
5.555556e-01  1.000000e+00  6.666667e-01  3.040108e-01
5.555556e-01  1.000000e+00  7.777778e-01  3.188319e-01
5.555556e-01  1.000000e+00  8.888889e-01  3.321137e-01
5.555556e-01  1.000000e+00  1.000000e+00  3.436924e-01
6.666667e-01  0.000000e+00  0.000000e+00  6.183698e-01
6.666667e-01  0.000000e+00  1.111111e-01  6.752988e-01
6.666667e-01  0.000000e+00  2.222222e-01  7.315258e-01
6.666667e-01  0.000000e+00  3.333333e-01  7.863572e-01
6.666667e-01  0.000000e+00  4.444444e-01  8.391168e-01
6.666667e-01  0.000000e+00  5.555556e-01  8.891539e-01
6.666667e-01  0.000000e+00  6.666667e-01  9.358514e-01
6.666667e-01  0.000000e+00  7.777778e-01  9.786335e-01
6.666667e-01  0.000000e+00  8.888889e-01  1.016972e+00
6.666667e-01  0.000000e+00  1.000000e+00  1.050395e+00
6.666667e-01  1.111111e-01  0.000000e+00  5.533416e-01
6.666667e-01  1.111111e-01  1.111111e-01  6.058801e-01
6.666667e-01  1.111111e-01  2.222222e-01  6.577706e-01
6.666667e-01  1.111111e-01  3.333333e-01  7.083732e-01
6.666667e-01  1.111111e-01  4.444444e-01  7.570638e-01
6.666667e-01  1.111111e-01  5.555556e-01  8.032419e-01
6.666667e-01  1.111111e-01  6.666667e-01  8.463380e-01
6.666667e-01  1.111111e-01  7.777778e-01  8.858206e-01
6.666667e-01  1.111111e-01  8.888889e-01  9.212027e-01
6.666667e-01  1.111111e-01  1.000000e+00  9.520480e-01
6.666667e-01  2.222222e-01  0.000000e+00  4.951518e-01
6.666667e-01  2.222222e-01  1.111111e-01  5.430348e-01
6.666667e-01  2.222222e-01  2.222222e-01  5.903273e-01
6.666667e-01  2.222222e-01  3.333333e-01  6.364459e-01
6.666667e-01  2.222222e-01  4.444444e-01  6.808220e-01
6.666667e-01  2.222222e-01  5.555556e-01  7.229082e-01
6.666667e-01  2.222222e-01  6.666667e-01  7.621854e-01
6.666667e-01  2.222222e-01  7.777778e-01  7.981694e-01
6.666667e-01  2.222222e-01  8.888889e-01  8.304163e-01
6.666667e-01  2.222222e-01  1.000000e+00  8.585283e-01
6.666667e-01  3.333333e-01  0.000000e+00  4.430813e-01
6.666667e-01  3.333333e-01  1.111111e-01  4.861574e-01
6.666667e-01  3.333333e-01  2.222222e-01  5.287022e-01
6.666667e-01  3.333333e-01  3.333333e-01  5.701910e-01
6.666667e-01  3.333333e-01  4.444444e-01  6.101122e-01
6.666667e-01  3.333333e-01  5.555556e-01  6.479735e-01
6.666667e-01  3.333333e-01  6.666667e-01  6.833077e-01
6.666667e-01  3.333333e-01  7.777778e-01  7.156793e-01
6.666667e-01  3.333333e-01  8.888889e-01  7.446889e-01
6.666667e-01  3.333333e-01  1.000000e+00  7.699788e-01
6.666667e-01  4.444444e-01  0.000000e+00  3.964866e-01
6.666667e-01  4.444444e-01  1.111111e-01  4.347047e-01
6.666667e-01  4.444444e-01  2.222222e-01  4.724515e-01
6.666667e-01  4.444444e-01  3.333333e-01  5.092614e-01
6.666667e-01  4.444444e-01  4.444444e-01  5.446805e-01
6.666667e-01  4.444444e-01  5.555556e-01  5.782719e-01
6.666667e-01  4.444444e-01  6.666667e-01  6.096213e-01
6.666667e-01  4.444444e-01  7.777778e-01  6.383422e-01
6.666667e-01  4.444444e-01  8.888889e-01  6.640802e-01
6.666667e-01  4.444444e-01  1.000000e+00  6.865180e-01
6.666667e-01  5.555556e-01  0.000000e+00  3.547918e-01
6.666667e-01  5.555556e-01  1.111111e-01  3.881884e-01
6.666667e-01  5.555556e-01  2.222222e-01  4.211731e-01
6.666667e-01  5.555556e-01  3.333333e-01  4.533392e-01
6.666667e-01  5.555556e-01  4.444444e-01  4.842899e-01
6.666667e-01  5.555556e-01  5.555556e-01  5.136434e-01
6.666667e-01  5.555556e-01  6.666667e-01  5.410379e-01
6.666667e-01  5.555556e-01  7.777778e-01  5.661354e-01
6.666667e-01  5.555556e-01  8.888889e-01  5.886264e-01
6.666667e-01  5.555556e-01  1.000000e+00  6.082335e-01
6.666667e-01  6.666667e-01  0.000000e+00  3.174816e-01
6.666667e-01  6.666667e-01  1.111111e-01  3.461679e-01
6.666667e-01  6.666667e-01  2.222222e-01  3.745004e-01
6.666667e-01  6.666667e-01  3.333333e-01  4.021297e-01
6.666667e-01  6.666667e-01  4.444444e-01  4.287150e-01
6.666667e-01  6.666667e-01  5.555556e-01  4.539285e-01
6.666667e-01  6.666667e-01  6.666667e-01  4.774592e-01
6.666667e-01  6.666667e-01  7.777778e-01  4.990169e-01
6.666667e-01  6.666667e-01  8.888889e-01  5.183357e-01
6.666667e-01  6.666667e-01  1.000000e+00  5.351774e-01
6.666667e-01  7.777778e-01  0.000000e+00  2.840951e-01
6.666667e-01  7.777778e-01  1.111111e-01  3.082449e-01
6.666667e-01  7.777778e-01  2.222222e-01  3.320968e-01
6.666667e-01  7.777778e-01  3.333333e-01  3.553568e-01
6.666667e-01  7.777778e-01  4.444444e-01  3.777379e-01
6.666667e-01  7.777778e-01  5.555556e-01  3.989640e-01
6.666667e-01  7.777778e-01  6.666667e-01  4.187736e-01
6.666667e-01  7.777778e-01  7.777778e-01  4.369221e-01
6.666667e-01  7.777778e-01  8.888889e-01  4.531858e-01
6.666667e-01  7.777778e-01  1.000000e+00  4.673641e-01
6.666667e-01  8.888889e-01  0.000000e+00  2.542194e-01
6.666667e-01  8.888889e-01  1.111111e-01  2.740577e-01
6.666667e-01  8.888889e-01  2.222222e-01  2.936513e-01
6.666667e-01  8.888889e-01  3.333333e-01  3.127587e-01
6.666667e-01  8.888889e-01  4.444444e-01  3.311440e-01
6.666667e-01  8.888889e-01  5.555556e-01  3.485806e-01
6.666667e-01  8.888889e-01  6.666667e-01  3.648535e-01
6.666667e-01  8.888889e-01  7.777778e-01  3.797620e-01
6.666667e-01  8.888889e-01  8.888889e-01  3.931221e-01
6.666667e-01  8.888889e-01  1.000000e+00  4.047691e-01
6.666667e-01  1.000000e+00  0.000000e+00  2.274855e-01
6.666667e-01  1.000000e+00  1.111111e-01  2.432777e-01
6.666667e-01  1.000000e+00  2.222222e-01  2.588751e-01
6.666667e-01  1.000000e+00  3.333333e-01  2.740853e-01
6.666667e-01  1.000000e+00  4.444444e-01  2.887208e-01
6.666667e-01  1.000000e+00  5.555556e-01  3.026012e-01
6.666667e-01  1.000000e+00  6.666667e-01  3.155551e-01
6.666667e-01  1.000000e+00  7.777778e-01  3.274229e-01
6.666667e-01  1.000000e+00  8.888889e-01  3.380581e-01
6.666667e-01  1.000000e+00  1.000000e+00  3.473296e-01
7.777778e-01  0.000000e+00  0.000000e+00  7.016979e-01
7.777778e-01  0.000000e+00  1.111111e-01  7.526402e-01
7.777778e-01  0.000000e+00  2.222222e-01  8.029543e-01
7.777778e-01  0.000000e+00  3.333333e-01  8.520196e-01
7.777778e-01  0.000000e+00  4.444444e-01  8.992309e-01
7.777778e-01  0.000000e+00  5.555556e-01  9.440061e-01
7.777778e-01  0.000000e+00  6.666667e-01  9.857929e-01
7.777778e-01  0.000000e+00  7.777778e-01  1.024076e+00
7.777778e-01  0.000000e+00  8.888889e-01  1.058383e+00
7.777778e-01  0.000000e+00  1.000000e+00  1.088291e+00
7.777778e-01  1.111111e-01  0.000000e+00  6.279068e-01
7.777778e-01  1.111111e-01  1.111111e-01  6.743435e-01
7.777778e-01  1.111111e-01  2.222222e-01  7.202075e-01
7.777778e-01  1.111111e-01  3.333333e-01  7.649331e-01
7.777778e-01  1.111111e-01  4.444444e-01  8.079687e-01
7.777778e-01  1.111111e-01  5.555556e-01  8.487837e-01
7.777778e-01  1.111111e-01  6.666667e-01  8.868746e-01
7.777778e-01  1.111111e-01  7.777778e-01  9.217717e-01
7.777778e-01  1.111111e-01  8.888889e-01  9.530445e-01
7.777778e-01  1.111111e-01  1.000000e+00  9.803074e-01
7.777778e-01  2.222222e-01  0.000000e+00  5.618757e-01
7.777778e-01  2.222222e-01  1.111111e-01  6.036783e-01
7.777778e-01  2.222222e-01  2.222222e-01  6.449653e-01
7.777778e-01  2.222222e-01  3.333333e-01  6.852276e-01
7.777778e-01  2.222222e-01  4.444444e-01  7.239686e-01
7.777778e-01  2.222222e-01  5.555556e-01  7.607104e-01
7.777778e-01  2.222222e-01  6.666667e-01  7.950001e-01
7.777778e-01  2.222222e-01  7.777778e-01  8.264146e-01
7.777778e-01  2.222222e-01  8.888889e-01  8.545666e-01
7.777778e-01  2.222222e-01  1.000000e+00  8.791089e-01
7.777778e-01  3.333333e-01  0.000000e+00  5.027885e-01
7.777778e-01  3.333333e-01  1.111111e-01  5.399331e-01
7.777778e-01  3.333333e-01  2.222222e-01  5.766197e-01
7.777778e-01  3.333333e-01  3.333333e-01  6.123956e-01
7.777778e-01  3.333333e-01  4.444444e-01  6.468198e-01
7.777778e-01  3.333333e-01  5.555556e-01  6.794677e-01
7.777778e-01  3.333333e-01  6.666667e-01  7.099365e-01
7.777778e-01  3.333333e-01  7.777778e-01  7.378507e-01
7.777778e-01  3.333333e-01  8.888889e-01  7.628658e-01
7.777778e-01  3.333333e-01  1.000000e+00  7.846733e-01
7.777778e-01  4.444444e-01  0.000000e+00  4.499149e-01
7.777778e-01  4.444444e-01  1.111111e-01  4.824662e-01
7.777778e-01  4.444444e-01  2.222222e-01  5.146160e-01
7.777778e-01  4.444444e-01  3.333333e-01  5.459678e-01
7.777778e-01  4.444444e-01  4.444444e-01  5.761351e-01
7.777778e-01  4.444444e-01  5.555556e-01  6.047456e-01
7.777778e-01  4.444444e-01  6.666667e-01  6.314467e-01
7.777778e-01  4.444444e-01  7.777778e-01  6.559089e-01
7.777778e-01  4.444444e-01  8.888889e-01  6.778306e-01
7.777778e-01  4.444444e-01  1.000000e+00  6.969414e-01
7.777778e-01  5.555556e-01  0.000000e+00  4.026016e-01
7.777778e-01  5.555556e-01  1.111111e-01  4.306972e-01
7.777778e-01  5.555556e-01  2.222222e-01  4.584464e-01
7.777778e-01  5.555556e-01  3.333333e-01  4.855068e-01
7.777778e-01  5.555556e-01  4.444444e-01  5.115447e-01
7.777778e-01  5.555556e-01  5.555556e-01  5.362391e-01
7.777778e-01  5.555556e-01  6.666667e-01  5.592853e-01
7.777778e-01  5.555556e-01  7.777778e-01  5.803991e-01
7.777778e-01  5.555556e-01  8.888889e-01  5.993202e-01
7.777778e-01  5.555556e-01  1.000000e+00  6.158151e-01
7.777778e-01  6.666667e-01  0.000000e+00  3.602637e-01
7.777778e-01  6.666667e-01  1.111111e-01  3.841006e-01
7.777778e-01  6.666667e-01  2.222222e-01  4.076435e-01
7.777778e-01  6.666667e-01  3.333333e-01  4.306021e-01
7.777778e-01  6.666667e-01  4.444444e-01  4.526931e-01
7.777778e-01  6.666667e-01  5.555556e-01  4.736443e-01
7.777778e-01  6.666667e-01  6.666667e-01  4.931971e-01
7.777778e-01  6.666667e-01  7.777778e-01  5.111105e-01
7.777778e-01  6.666667e-01  8.888889e-01  5.271635e-01
7.777778e-01  6.666667e-01  1.000000e+00  5.411581e-01
7.777778e-01  7.777778e-01  0.000000e+00  3.223781e-01
7.777778e-01  7.777778e-01  1.111111e-01  3.421992e-01
7.777778e-01  7.777778e-01  2.222222e-01  3.617758e-01
7.777778e-01  7.777778e-01  3.333333e-01  3.808665e-01
7.777778e-01  7.777778e-01  4.444444e-01  3.992359e-01
7.777778e-01  7.777778e-01  5.555556e-01  4.166574e-01
7.777778e-01  7.777778e-01  6.666667e-01  4.329162e-01
7.777778e-01  7.777778e-01  7.777778e-01  4.478116e-01
7.777778e-01  7.777778e-01  8.888889e-01  4.611602e-01
7.777778e-01  7.777778e-01  1.000000e+00  4.727971e-01
7.777778e-01  8.888889e-01  0.000000e+00  2.884766e-01
7.777778e-01  8.888889e-01  1.111111e-01  3.045592e-01
7.777778e-01  8.888889e-01  2.222222e-01  3.204435e-01
7.777778e-01  8.888889e-01  3.333333e-01  3.359335e-01
7.777778e-01  8.888889e-01  4.444444e-01  3.508382e-01
7.777778e-01  8.888889e-01  5.555556e-01  3.649738e-01
7.777778e-01  8.888889e-01  6.666667e-01  3.781660e-01
7.777778e-01  8.888889e-01  7.777778e-01  3.902520e-01
7.777778e-01  8.888889e-01  8.888889e-01  4.010828e-01
7.777778e-01  8.888889e-01  1.000000e+00  4.105249e-01
7.777778e-01  1.000000e+00  0.000000e+00  2.581402e-01
7.777778e-01  1.000000e+00  1.111111e-01  2.707856e-01
7.777778e-01  1.000000e+00  2.222222e-01  2.832750e-01
7.777778e-01  1.000000e+00  3.333333e-01  2.954544e-01
7.777778e-01  1.000000e+00  4.444444e-01  3.071736e-01
7.777778e-01  1.000000e+00  5.555556e-01  3.182881e-01
7.777778e-01  1.000000e+00  6.666667e-01  3.286608e-01
7.777778e-01  1.000000e+00  7.777778e-01  3.381638e-01
7.777778e-01  1.000000e+00  8.888889e-01  3.466798e-01
7.777778e-01  1.000000e+00  1.000000e+00  3.541039e-01
8.888889e-01  0.000000e+00  0.000000e+00  7.763719e-01
8.888889e-01  0.000000e+00  1.111111e-01  8.219571e-01
8.888889e-01  0.000000e+00  2.222222e-01  8.669801e-01
8.888889e-01  0.000000e+00  3.333333e-01  9.108857e-01
8.888889e-01  0.000000e+00  4.444444e-01  9.531323e-01
8.888889e-01  0.000000e+00  5.555556e-01  9.931989e-01
8.888889e-01  0.000000e+00  6.666667e-01  1.030591e+00
8.888889e-01  0.000000e+00  7.777778e-01  1.064849e+00
8.888889e-01  0.000000e+00  8.888889e-01  1.095548e+00
8.888889e-01  0.000000e+00  1.000000e+00  1.122311e+00
8.888889e-01  1.111111e-01  0.000000e+00  6.947281e-01
8.888889e-01  1.111111e-01  1.111111e-01  7.357716e-01
8.888889e-01  1.111111e-01  2.222222e-01  7.763089e-01
8.888889e-01  1.111111e-01  3.333333e-01  8.158401e-01
8.888889e-01  1.111111e-01  4.444444e-01  8.538776e-01
8.888889e-01  1.111111e-01  5.555556e-01  8.899523e-01
8.888889e-01  1.111111e-01  6.666667e-01  9.236193e-01
8.888889e-01  1.111111e-01  7.777778e-01  9.544634e-01
8.888889e-01  1.111111e-01  8.888889e-01  9.821042e-01
8.888889e-01  1.111111e-01  1.000000e+00  1.006201e+00
8.888889e-01  2.222222e-01  0.000000e+00  6.216700e-01
8.888889e-01  2.222222e-01  1.111111e-01  6.581643e-01
8.888889e-01  2.222222e-01  2.222222e-01  6.942085e-01
8.888889e-01  2.222222e-01  3.333333e-01  7.293581e-01
8.888889e-01  2.222222e-01  4.444444e-01  7.631795e-01
8.888889e-01  2.222222e-01  5.555556e-01  7.952557e-01
8.888889e-01  2.222222e-01  6.666667e-01  8.251911e-01
8.888889e-01  2.222222e-01  7.777778e-01  8.526165e-01
8.888889e-01  2.222222e-01  8.888889e-01  8.771936e-01
8.888889e-01  2.222222e-01  1.000000e+00  8.986193e-01
8.888889e-01  3.333333e-01  0.000000e+00  5.562948e-01
8.888889e-01  3.333333e-01  1.111111e-01  5.883247e-01
8.888889e-01  3.333333e-01  2.222222e-01  6.199596e-01
8.888889e-01  3.333333e-01  3.333333e-01  6.508094e-01
8.888889e-01  3.333333e-01  4.444444e-01  6.804935e-01
8.888889e-01  3.333333e-01  5.555556e-01  7.086458e-01
8.888889e-01  3.333333e-01  6.666667e-01  7.349192e-01
8.888889e-01  3.333333e-01  7.777778e-01  7.589897e-01
8.888889e-01  3.333333e-01  8.888889e-01  7.805603e-01
8.888889e-01  3.333333e-01  1.000000e+00  7.993650e-01
8.888889e-01  4.444444e-01  0.000000e+00  4.977945e-01
8.888889e-01  4.444444e-01  1.111111e-01  5.255191e-01
8.888889e-01  4.444444e-01  2.222222e-01  5.529018e-01
8.888889e-01  4.444444e-01  3.333333e-01  5.796049e-01
8.888889e-01  4.444444e-01  4.444444e-01  6.052991e-01
8.888889e-01  4.444444e-01  5.555556e-01  6.296674e-01
8.888889e-01  4.444444e-01  6.666667e-01  6.524092e-01
8.888889e-01  4.444444e-01  7.777778e-01  6.732443e-01
8.888889e-01  4.444444e-01  8.888889e-01  6.919155e-01
8.888889e-01  4.444444e-01  1.000000e+00  7.081926e-01
8.888889e-01  5.555556e-01  0.000000e+00  4.454460e-01
8.888889e-01  5.555556e-01  1.111111e-01  4.690822e-01
8.888889e-01  5.555556e-01  2.222222e-01  4.924268e-01
8.888889e-01  5.555556e-01  3.333333e-01  5.151919e-01
8.888889e-01  5.555556e-01  4.444444e-01  5.370970e-01
8.888889e-01  5.555556e-01  5.555556e-01  5.578716e-01
8.888889e-01  5.555556e-01  6.666667e-01  5.772598e-01
8.888889e-01  5.555556e-01  7.777778e-01  5.950223e-01
8.888889e-01  5.555556e-01  8.888889e-01  6.109400e-01
8.888889e-01  5.555556e-01  1.000000e+00  6.248168e-01
8.888889e-01  6.666667e-01  0.000000e+00  3.986026e-01
8.888889e-01  6.666667e-01  1.111111e-01  4.184099e-01
8.888889e-01  6.666667e-01  2.222222e-01  4.379729e-01
8.888889e-01  6.666667e-01  3.333333e-01  4.570503e-01
8.888889e-01  6.666667e-01  4.444444e-01  4.754069e-01
8.888889e-01  6.666667e-01  5.555556e-01  4.928163e-01
8.888889e-01  6.666667e-01  6.666667e-01  5.090637e-01
8.888889e-01  6.666667e-01  7.777778e-01  5.239488e-01
8.888889e-01  6.666667e-01  8.888889e-01  5.372881e-01
8.888889e-01  6.666667e-01  1.000000e+00  5.489169e-01
8.888889e-01  7.777778e-01  0.000000e+00  3.566853e-01
8.888889e-01  7.777778e-01  1.111111e-01  3.729535e-01
8.888889e-01  7.777778e-01  2.222222e-01  3.890211e-01
8.888889e-01  7.777778e-01  3.333333e-01  4.046899e-01
8.888889e-01  7.777778e-01  4.444444e-01  4.197667e-01
8.888889e-01  7.777778e-01  5.555556e-01  4.340655e-01
8.888889e-01  7.777778e-01  6.666667e-01  4.474099e-01
8.888889e-01  7.777778e-01  7.777778e-01  4.596355e-01
8.888889e-01  7.777778e-01  8.888889e-01  4.705913e-01
8.888889e-01  7.777778e-01  1.000000e+00  4.801424e-01
8.888889e-01  8.888889e-01  0.000000e+00  3.191760e-01
8.888889e-01  8.888889e-01  1.111111e-01  3.322139e-01
8.888889e-01  8.888889e-01  2.222222e-01  3.450911e-01
8.888889e-01  8.888889e-01  3.333333e-01  3.576486e-01
8.888889e-01  8.888889e-01  4.444444e-01  3.697316e-01
8.888889e-01  8.888889e-01  5.555556e-01  3.811911e-01
8.888889e-01  8.888889e-01  6.666667e-01  3.918858e-01
8.888889e-01  8.888889e-01  7.777778e-01  4.016837e-01
8.888889e-01  8.888889e-01  8.888889e-01  4.104641e-01
8.888889e-01  8.888889e-01  1.000000e+00  4.181187e-01
8.888889e-01  1.000000e+00  0.000000e+00  2.856113e-01
8.888889e-01  1.000000e+00  1.111111e-01  2.957369e-01
8.888889e-01  1.000000e+00  2.222222e-01  3.057376e-01
8.888889e-01  1.000000e+00  3.333333e-01  3.154901e-01
8.888889e-01  1.000000e+00  4.444444e-01  3.248741e-01
8.888889e-01  1.000000e+00  5.555556e-01  3.337739e-01
8.888889e-01  1.000000e+00  6.666667e-01  3.420797e-01
8.888889e-01  1.000000e+00  7.777778e-01  3.496891e-01
8.888889e-01  1.000000e+00  8.888889e-01  3.565082e-01
8.888889e-01  1.000000e+00  1.000000e+00  3.624530e-01
1.000000e+00  0.000000e+00  0.000000e+00  8.414710e-01
1.000000e+00  0.000000e+00  1.111111e-01  8.822624e-01
1.000000e+00  0.000000e+00  2.222222e-01  9.225508e-01
1.000000e+00  0.000000e+00  3.333333e-01  9.618392e-01
1.000000e+00  0.000000e+00  4.444444e-01  9.996431e-01
1.000000e+00  0.000000e+00  5.555556e-01  1.035496e+00
1.000000e+00  0.000000e+00  6.666667e-01  1.068957e+00
1.000000e+00  0.000000e+00  7.777778e-01  1.099611e+00
1.000000e+00  0.000000e+00  8.888889e-01  1.127082e+00
1.000000e+00  0.000000e+00  1.000000e+00  1.151031e+00
1.000000e+00  1.111111e-01  0.000000e+00  7.529813e-01
1.000000e+00  1.111111e-01  1.111111e-01  7.892580e-01
1.000000e+00  1.111111e-01  2.222222e-01  8.250873e-01
1.000000e+00  1.111111e-01  3.333333e-01  8.600273e-01
1.000000e+00  1.111111e-01  4.444444e-01  8.936471e-01
1.000000e+00  1.111111e-01  5.555556e-01  9.255321e-01
1.000000e+00  1.111111e-01  6.666667e-01  9.552891e-01
1.000000e+00  1.111111e-01  7.777778e-01  9.825509e-01
1.000000e+00  1.111111e-01  8.888889e-01  1.006982e+00
1.000000e+00  1.111111e-01  1.000000e+00  1.028280e+00
1.000000e+00  2.222222e-01  0.000000e+00  6.737973e-01
1.000000e+00  2.222222e-01  1.111111e-01  7.056573e-01
1.000000e+00  2.222222e-01  2.222222e-01  7.371245e-01
1.000000e+00  2.222222e-01  3.333333e-01  7.678106e-01
1.000000e+00  2.222222e-01  4.444444e-01  7.973372e-01
1.000000e+00  2.222222e-01  5.555556e-01  8.253402e-01
1.000000e+00  2.222222e-01  6.666667e-01  8.514743e-01
1.000000e+00  2.222222e-01  7.777778e-01  8.754170e-01
1.000000e+00  2.222222e-01  8.888889e-01  8.968732e-01
1.000000e+00  2.222222e-01  1.000000e+00  9.155782e-01
1.000000e+00  3.333333e-01  0.000000e+00  6.029403e-01
1.000000e+00  3.333333e-01  1.111111e-01  6.305598e-01
1.000000e+00  3.333333e-01  2.222222e-01  6.578387e-01
1.000000e+00  3.333333e-01  3.333333e-01  6.844406e-01
1.000000e+00  3.333333e-01  4.444444e-01  7.100373e-01
1.000000e+00  3.333333e-01  5.555556e-01  7.343131e-01
1.000000e+00  3.333333e-01  6.666667e-01  7.569688e-01
1.000000e+00  3.333333e-01  7.777778e-01  7.777248e-01
1.000000e+00  3.333333e-01  8.888889e-01  7.963252e-01
1.000000e+00  3.333333e-01  1.000000e+00  8.125406e-01
1.000000e+00  4.444444e-01  0.000000e+00  5.395347e-01
1.000000e+00  4.444444e-01  1.111111e-01  5.631484e-01
1.000000e+00  4.444444e-01  2.222222e-01  5.864709e-01
1.000000e+00  4.444444e-01  3.333333e-01  6.092146e-01
1.000000e+00  4.444444e-01  4.444444e-01  6.310989e-01
1.000000e+00  4.444444e-01  5.555556e-01  6.518539e-01
1.000000e+00  4.444444e-01  6.666667e-01  6.712237e-01
1.000000e+00  4.444444e-01  7.777778e-01  6.889694e-01
1.000000e+00  4.444444e-01  8.888889e-01  7.048721e-01
1.000000e+00  4.444444e-01  1.000000e+00  7.187357e-01
1.000000e+00  5.555556e-01  0.000000e+00  4.827969e-01
1.000000e+00  5.555556e-01  1.111111e-01  5.026813e-01
1.000000e+00  5.555556e-01  2.222222e-01  5.223204e-01
1.000000e+00  5.555556e-01  3.333333e-01  5.414722e-01
1.000000e+00  5.555556e-01  4.444444e-01  5.599003e-01
1.000000e+00  5.555556e-01  5.555556e-01  5.773774e-01
1.000000e+00  5.555556e-01  6.666667e-01  5.936881e-01
1.000000e+00  5.555556e-01  7.777778e-01  6.086312e-01
1.000000e+00  5.555556e-01  8.888889e-01  6.220224e-01
1.000000e+00  5.555556e-01  1.000000e+00  6.336965e-01
1.000000e+00  6.666667e-01  0.000000e+00  4.320256e-01
1.000000e+00  6.666667e-01  1.111111e-01  4.484845e-01
1.000000e+00  6.666667e-01  2.222222e-01  4.647403e-01
1.000000e+00  6.666667e-01  3.333333e-01  4.805927e-01
1.000000e+00  6.666667e-01  4.444444e-01  4.958462e-01
1.000000e+00  6.666667e-01  5.555556e-01  5.103125e-01
1.000000e+00  6.666667e-01  6.666667e-01  5.238133e-01
1.000000e+00  6.666667e-01  7.777778e-01  5.361821e-01
1.000000e+00  6.666667e-01  8.888889e-01  5.472663e-01
1.000000e+00  6.666667e-01  1.000000e+00  5.569293e-01
1.000000e+00  7.777778e-01  0.000000e+00  3.865935e-01
1.000000e+00  7.777778e-01  1.111111e-01  3.999457e-01
1.000000e+00  7.777778e-01  2.222222e-01  4.131333e-01
1.000000e+00  7.777778e-01  3.333333e-01  4.259935e-01
1.000000e+00  7.777778e-01  4.444444e-01  4.383679e-01
1.000000e+00  7.777778e-01  5.555556e-01  4.501036e-01
1.000000e+00  7.777778e-01  6.666667e-01  4.610562e-01
1.000000e+00  7.777778e-01  7.777778e-01  4.710903e-01
1.000000e+00  7.777778e-01  8.888889e-01  4.800824e-01
1.000000e+00  7.777778e-01  1.000000e+00  4.879215e-01
1.000000e+00  8.888889e-01  0.000000e+00  3.459391e-01
1.000000e+00  8.888889e-01  1.111111e-01  3.565087e-01
1.000000e+00  8.888889e-01  2.222222e-01  3.669480e-01
1.000000e+00  8.888889e-01  3.333333e-01  3.771281e-01
1.000000e+00  8.888889e-01  4.444444e-01  3.869236e-01
1.000000e+00  8.888889e-01  5.555556e-01  3.962137e-01
1.000000e+00  8.888889e-01  6.666667e-01  4.048837e-01
1.000000e+00  8.888889e-01  7.777778e-01  4.128268e-01
1.000000e+00  8.888889e-01  8.888889e-01  4.199449e-01
1.000000e+00  8.888889e-01  1.000000e+00  4.261503e-01
1.000000e+00  1.000000e+00  0.000000e+00  3.095599e-01
1.000000e+00  1.000000e+00  1.111111e-01  3.176678e-01
1.000000e+00  1.000000e+00  2.222222e-01  3.256758e-01
1.000000e+00  1.000000e+00  3.333333e-01  3.334850e-01
1.000000e+00  1.000000e+00  4.444444e-01  3.409991e-01
1.000000e+00  1.000000e+00  5.555556e-01  3.481255e-01
1.000000e+00  1.000000e+00  6.666667e-01  3.547763e-01
1.000000e+00  1.000000e+00  7.777778e-01  3.608694e-01
1.000000e+00  1.000000e+00  8.888889e-01  3.663297e-01
1.000000e+00  1.000000e+00  1.000000e+00  3.710899e-01
